# scan speed: 2.0
# theta min: 5.0
# theta_max: 85.0
# spacing: 0.05000000074505806
# two theta, intensity
5.0 38.66666793823242 
5.050000000745058 52.0 
5.100000001490116 43.33333206176758 
5.150000002235174 46.66666793823242 
5.200000002980232 62.0 
5.25000000372529 53.33333206176758 
5.300000004470348 49.33333206176758 
5.350000005215406 50.0 
5.4000000059604645 56.66666793823242 
5.4500000067055225 50.66666793823242 
5.500000007450581 52.0 
5.550000008195639 56.66666793823242 
5.600000008940697 55.33333206176758 
5.650000009685755 73.33333587646484 
5.700000010430813 58.66666793823242 
5.750000011175871 51.33333206176758 
5.800000011920929 68.0 
5.850000012665987 50.66666793823242 
5.900000013411045 60.0 
5.950000014156103 57.33333206176758 
6.000000014901161 54.66666793823242 
6.050000015646219 59.33333206176758 
6.100000016391277 78.0 
6.150000017136335 60.0 
6.200000017881393 50.0 
6.2500000186264515 56.0 
6.3000000193715096 60.66666793823242 
6.350000020116568 54.66666793823242 
6.400000020861626 50.66666793823242 
6.450000021606684 58.0 
6.500000022351742 61.33333206176758 
6.5500000230968 72.0 
6.600000023841858 71.33333587646484 
6.650000024586916 58.0 
6.700000025331974 69.33333587646484 
6.750000026077032 51.33333206176758 
6.80000002682209 52.66666793823242 
6.850000027567148 67.33333587646484 
6.900000028312206 66.0 
6.950000029057264 66.0 
7.000000029802322 59.33333206176758 
7.0500000305473804 74.66666412353516 
7.1000000312924385 63.33333206176758 
7.150000032037497 63.33333206176758 
7.200000032782555 56.0 
7.250000033527613 62.0 
7.300000034272671 68.66666412353516 
7.350000035017729 77.33333587646484 
7.400000035762787 67.33333587646484 
7.450000036507845 83.33333587646484 
7.500000037252903 86.0 
7.550000037997961 82.0 
7.600000038743019 54.0 
7.650000039488077 55.33333206176758 
7.700000040233135 65.33333587646484 
7.750000040978193 69.33333587646484 
7.800000041723251 62.66666793823242 
7.850000042468309 70.0 
7.9000000432133675 68.66666412353516 
7.9500000439584255 54.0 
8.000000044703484 58.0 
8.050000045448542 77.33333587646484 
8.1000000461936 65.33333587646484 
8.150000046938658 65.33333587646484 
8.200000047683716 71.33333587646484 
8.250000048428774 75.33333587646484 
8.300000049173832 74.0 
8.35000004991889 54.66666793823242 
8.400000050663948 64.0 
8.450000051409006 66.66666412353516 
8.500000052154064 84.0 
8.550000052899122 75.33333587646484 
8.60000005364418 62.0 
8.650000054389238 77.33333587646484 
8.700000055134296 80.0 
8.750000055879354 82.0 
8.800000056624413 75.33333587646484 
8.85000005736947 92.0 
8.900000058114529 71.33333587646484 
8.950000058859587 78.0 
9.000000059604645 80.0 
9.050000060349703 84.0 
9.100000061094761 82.66666412353516 
9.150000061839819 90.0 
9.200000062584877 78.0 
9.250000063329935 85.33333587646484 
9.300000064074993 83.33333587646484 
9.350000064820051 77.33333587646484 
9.40000006556511 89.33333587646484 
9.450000066310167 71.33333587646484 
9.500000067055225 91.33333587646484 
9.550000067800283 98.66666412353516 
9.600000068545341 92.0 
9.6500000692904 83.33333587646484 
9.700000070035458 100.0 
9.750000070780516 83.33333587646484 
9.800000071525574 88.66666412353516 
9.850000072270632 90.66666412353516 
9.90000007301569 78.66666412353516 
9.950000073760748 104.0 
10.000000074505806 73.33333587646484 
10.050000075250864 100.0 
10.100000075995922 82.0 
10.15000007674098 89.33333587646484 
10.200000077486038 74.66666412353516 
10.250000078231096 84.0 
10.300000078976154 86.0 
10.350000079721212 98.0 
10.40000008046627 81.33333587646484 
10.450000081211329 72.0 
10.500000081956387 86.0 
10.550000082701445 82.0 
10.600000083446503 100.66666412353516 
10.65000008419156 96.66666412353516 
10.700000084936619 82.0 
10.750000085681677 88.66666412353516 
10.800000086426735 102.66666412353516 
10.850000087171793 93.33333587646484 
10.900000087916851 90.66666412353516 
10.950000088661909 100.0 
11.000000089406967 98.0 
11.050000090152025 100.66666412353516 
11.100000090897083 96.66666412353516 
11.150000091642141 92.66666412353516 
11.2000000923872 97.33333587646484 
11.250000093132257 106.66666412353516 
11.300000093877316 80.0 
11.350000094622374 106.66666412353516 
11.400000095367432 88.0 
11.45000009611249 90.66666412353516 
11.500000096857548 108.0 
11.550000097602606 96.66666412353516 
11.600000098347664 108.66666412353516 
11.650000099092722 92.66666412353516 
11.70000009983778 101.33333587646484 
11.750000100582838 82.0 
11.800000101327896 108.0 
11.850000102072954 104.0 
11.900000102818012 88.66666412353516 
11.95000010356307 98.66666412353516 
12.000000104308128 94.66666412353516 
12.050000105053186 101.33333587646484 
12.100000105798244 98.0 
12.150000106543303 94.0 
12.20000010728836 90.66666412353516 
12.250000108033419 88.66666412353516 
12.300000108778477 101.33333587646484 
12.350000109523535 120.66666412353516 
12.400000110268593 93.33333587646484 
12.450000111013651 75.33333587646484 
12.500000111758709 98.66666412353516 
12.550000112503767 101.33333587646484 
12.600000113248825 86.66666412353516 
12.650000113993883 94.0 
12.700000114738941 103.33333587646484 
12.750000115484 83.33333587646484 
12.800000116229057 100.0 
12.850000116974115 95.33333587646484 
12.900000117719173 84.0 
12.950000118464231 110.66666412353516 
13.00000011920929 96.66666412353516 
13.050000119954348 93.33333587646484 
13.100000120699406 81.33333587646484 
13.150000121444464 86.66666412353516 
13.200000122189522 82.66666412353516 
13.25000012293458 86.0 
13.300000123679638 90.66666412353516 
13.350000124424696 77.33333587646484 
13.400000125169754 90.0 
13.450000125914812 84.0 
13.50000012665987 86.0 
13.550000127404928 98.66666412353516 
13.600000128149986 98.66666412353516 
13.650000128895044 70.0 
13.700000129640102 74.66666412353516 
13.75000013038516 72.66666412353516 
13.800000131130219 66.66666412353516 
13.850000131875277 75.33333587646484 
13.900000132620335 62.66666793823242 
13.950000133365393 88.66666412353516 
14.00000013411045 74.0 
14.050000134855509 71.33333587646484 
14.100000135600567 84.66666412353516 
14.150000136345625 76.0 
14.200000137090683 70.66666412353516 
14.250000137835741 72.66666412353516 
14.300000138580799 65.33333587646484 
14.350000139325857 81.33333587646484 
14.400000140070915 62.0 
14.450000140815973 66.0 
14.500000141561031 74.0 
14.55000014230609 73.33333587646484 
14.600000143051147 75.33333587646484 
14.650000143796206 66.66666412353516 
14.700000144541264 77.33333587646484 
14.750000145286322 60.0 
14.80000014603138 70.66666412353516 
14.850000146776438 84.0 
14.900000147521496 67.33333587646484 
14.950000148266554 71.33333587646484 
15.000000149011612 61.33333206176758 
15.05000014975667 56.66666793823242 
15.100000150501728 72.0 
15.150000151246786 83.33333587646484 
15.200000151991844 56.0 
15.250000152736902 66.0 
15.30000015348196 71.33333587646484 
15.350000154227018 72.0 
15.400000154972076 92.0 
15.450000155717134 67.33333587646484 
15.500000156462193 76.66666412353516 
15.55000015720725 68.0 
15.600000157952309 58.66666793823242 
15.650000158697367 74.0 
15.700000159442425 68.0 
15.750000160187483 60.0 
15.800000160932541 68.66666412353516 
15.850000161677599 62.66666793823242 
15.900000162422657 58.0 
15.950000163167715 55.33333206176758 
16.000000163912773 71.33333587646484 
16.05000016465783 65.33333587646484 
16.10000016540289 67.33333587646484 
16.150000166147947 69.33333587646484 
16.200000166893005 65.33333587646484 
16.250000167638063 70.66666412353516 
16.30000016838312 69.33333587646484 
16.35000016912818 62.66666793823242 
16.400000169873238 82.0 
16.450000170618296 65.33333587646484 
16.500000171363354 63.33333206176758 
16.550000172108412 63.33333206176758 
16.60000017285347 64.0 
16.650000173598528 70.66666412353516 
16.700000174343586 66.0 
16.750000175088644 70.66666412353516 
16.800000175833702 69.33333587646484 
16.85000017657876 62.66666793823242 
16.900000177323818 70.66666412353516 
16.950000178068876 54.0 
17.000000178813934 61.33333206176758 
17.050000179558992 70.0 
17.10000018030405 58.66666793823242 
17.15000018104911 62.66666793823242 
17.200000181794167 70.66666412353516 
17.250000182539225 53.33333206176758 
17.300000183284283 67.33333587646484 
17.35000018402934 86.66666412353516 
17.4000001847744 74.66666412353516 
17.450000185519457 63.33333206176758 
17.500000186264515 71.33333587646484 
17.550000187009573 80.0 
17.60000018775463 70.0 
17.65000018849969 66.66666412353516 
17.700000189244747 66.66666412353516 
17.750000189989805 70.66666412353516 
17.800000190734863 68.66666412353516 
17.85000019147992 68.66666412353516 
17.90000019222498 76.0 
17.950000192970037 81.33333587646484 
18.000000193715096 74.66666412353516 
18.050000194460154 71.33333587646484 
18.10000019520521 54.0 
18.15000019595027 71.33333587646484 
18.200000196695328 68.0 
18.250000197440386 68.0 
18.300000198185444 69.33333587646484 
18.350000198930502 66.0 
18.40000019967556 71.33333587646484 
18.450000200420618 72.66666412353516 
18.500000201165676 78.66666412353516 
18.550000201910734 74.0 
18.600000202655792 77.33333587646484 
18.65000020340085 72.66666412353516 
18.70000020414591 88.66666412353516 
18.750000204890966 92.0 
18.800000205636024 72.66666412353516 
18.850000206381083 72.0 
18.90000020712614 82.66666412353516 
18.9500002078712 74.0 
19.000000208616257 66.0 
19.050000209361315 79.33333587646484 
19.100000210106373 69.33333587646484 
19.15000021085143 74.0 
19.20000021159649 77.33333587646484 
19.250000212341547 70.66666412353516 
19.300000213086605 72.66666412353516 
19.350000213831663 66.66666412353516 
19.40000021457672 75.33333587646484 
19.45000021532178 65.33333587646484 
19.500000216066837 73.33333587646484 
19.550000216811895 77.33333587646484 
19.600000217556953 89.33333587646484 
19.65000021830201 72.0 
19.70000021904707 70.0 
19.750000219792128 66.0 
19.800000220537186 76.0 
19.850000221282244 74.66666412353516 
19.900000222027302 72.66666412353516 
19.95000022277236 72.66666412353516 
20.000000223517418 64.0 
20.050000224262476 78.66666412353516 
20.100000225007534 100.0 
20.150000225752592 87.33333587646484 
20.20000022649765 80.0 
20.250000227242708 85.33333587646484 
20.300000227987766 78.66666412353516 
20.350000228732824 81.33333587646484 
20.400000229477882 94.0 
20.45000023022294 86.66666412353516 
20.500000230968 108.0 
20.550000231713057 145.3333282470703 
20.600000232458115 207.3333282470703 
20.650000233203173 538.6666870117188 
20.70000023394823 1556.6666259765625 
20.75000023469329 2122.666748046875 
20.800000235438347 1198.6666259765625 
20.850000236183405 338.6666564941406 
20.900000236928463 120.0 
20.95000023767352 109.33333587646484 
21.00000023841858 104.66666412353516 
21.050000239163637 95.33333587646484 
21.100000239908695 90.0 
21.150000240653753 87.33333587646484 
21.20000024139881 88.66666412353516 
21.25000024214387 86.0 
21.300000242888927 87.33333587646484 
21.350000243633986 90.66666412353516 
21.400000244379044 77.33333587646484 
21.4500002451241 83.33333587646484 
21.50000024586916 84.0 
21.550000246614218 84.0 
21.600000247359276 86.0 
21.650000248104334 85.33333587646484 
21.700000248849392 72.0 
21.75000024959445 85.33333587646484 
21.800000250339508 82.66666412353516 
21.850000251084566 81.33333587646484 
21.900000251829624 84.0 
21.950000252574682 86.0 
22.00000025331974 102.0 
22.0500002540648 88.66666412353516 
22.100000254809856 95.33333587646484 
22.150000255554914 88.66666412353516 
22.200000256299973 85.33333587646484 
22.25000025704503 60.66666793823242 
22.30000025779009 80.66666412353516 
22.350000258535147 78.66666412353516 
22.400000259280205 85.33333587646484 
22.450000260025263 98.0 
22.50000026077032 81.33333587646484 
22.55000026151538 78.0 
22.600000262260437 74.66666412353516 
22.650000263005495 98.0 
22.700000263750553 81.33333587646484 
22.75000026449561 87.33333587646484 
22.80000026524067 83.33333587646484 
22.850000265985727 92.66666412353516 
22.900000266730785 92.0 
22.950000267475843 87.33333587646484 
23.0000002682209 70.66666412353516 
23.05000026896596 76.0 
23.100000269711018 90.0 
23.150000270456076 85.33333587646484 
23.200000271201134 79.33333587646484 
23.250000271946192 88.66666412353516 
23.30000027269125 93.33333587646484 
23.350000273436308 85.33333587646484 
23.400000274181366 94.66666412353516 
23.450000274926424 100.0 
23.500000275671482 94.0 
23.55000027641654 82.0 
23.600000277161598 90.66666412353516 
23.650000277906656 93.33333587646484 
23.700000278651714 88.0 
23.750000279396772 96.0 
23.80000028014183 80.0 
23.85000028088689 85.33333587646484 
23.900000281631947 78.0 
23.950000282377005 88.66666412353516 
24.000000283122063 86.66666412353516 
24.05000028386712 97.33333587646484 
24.10000028461218 85.33333587646484 
24.150000285357237 86.0 
24.200000286102295 62.0 
24.250000286847353 87.33333587646484 
24.30000028759241 80.66666412353516 
24.35000028833747 88.66666412353516 
24.400000289082527 98.0 
24.450000289827585 79.33333587646484 
24.500000290572643 86.0 
24.5500002913177 92.0 
24.60000029206276 96.66666412353516 
24.650000292807817 91.33333587646484 
24.700000293552876 78.66666412353516 
24.750000294297934 76.0 
24.80000029504299 92.66666412353516 
24.85000029578805 88.66666412353516 
24.900000296533108 92.0 
24.950000297278166 66.66666412353516 
25.000000298023224 80.0 
25.050000298768282 92.0 
25.10000029951334 93.33333587646484 
25.150000300258398 86.0 
25.200000301003456 82.0 
25.250000301748514 87.33333587646484 
25.300000302493572 82.66666412353516 
25.35000030323863 94.66666412353516 
25.40000030398369 89.33333587646484 
25.450000304728746 108.66666412353516 
25.500000305473804 98.66666412353516 
25.550000306218863 100.0 
25.60000030696392 88.66666412353516 
25.65000030770898 90.0 
25.700000308454037 86.0 
25.750000309199095 78.66666412353516 
25.800000309944153 83.33333587646484 
25.85000031068921 86.66666412353516 
25.90000031143427 96.0 
25.950000312179327 94.66666412353516 
26.000000312924385 111.33333587646484 
26.050000313669443 128.6666717529297 
26.1000003144145 130.0 
26.15000031515956 125.33333587646484 
26.200000315904617 148.0 
26.250000316649675 142.6666717529297 
26.300000317394733 226.6666717529297 
26.35000031813979 378.0 
26.40000031888485 374.0 
26.450000319629908 302.0 
26.500000320374966 203.3333282470703 
26.550000321120024 143.3333282470703 
26.600000321865082 114.66666412353516 
26.65000032261014 126.66666412353516 
26.700000323355198 121.33333587646484 
26.750000324100256 90.0 
26.800000324845314 105.33333587646484 
26.850000325590372 88.66666412353516 
26.90000032633543 96.66666412353516 
26.950000327080488 96.0 
27.000000327825546 88.0 
27.050000328570604 98.66666412353516 
27.100000329315662 88.66666412353516 
27.15000033006072 99.33333587646484 
27.20000033080578 85.33333587646484 
27.250000331550837 94.0 
27.300000332295895 99.33333587646484 
27.350000333040953 116.66666412353516 
27.40000033378601 90.0 
27.45000033453107 102.0 
27.500000335276127 93.33333587646484 
27.550000336021185 83.33333587646484 
27.600000336766243 80.0 
27.6500003375113 94.66666412353516 
27.70000033825636 103.33333587646484 
27.750000339001417 113.33333587646484 
27.800000339746475 120.66666412353516 
27.850000340491533 86.0 
27.90000034123659 85.33333587646484 
27.95000034198165 94.66666412353516 
28.000000342726707 103.33333587646484 
28.050000343471766 106.0 
28.100000344216824 99.33333587646484 
28.15000034496188 99.33333587646484 
28.20000034570694 81.33333587646484 
28.250000346451998 94.66666412353516 
28.300000347197056 94.0 
28.350000347942114 90.0 
28.400000348687172 88.0 
28.45000034943223 104.66666412353516 
28.500000350177288 115.33333587646484 
28.550000350922346 90.66666412353516 
28.600000351667404 96.0 
28.650000352412462 99.33333587646484 
28.70000035315752 83.33333587646484 
28.75000035390258 86.0 
28.800000354647636 99.33333587646484 
28.850000355392694 87.33333587646484 
28.900000356137753 105.33333587646484 
28.95000035688281 100.66666412353516 
29.00000035762787 96.66666412353516 
29.050000358372927 86.66666412353516 
29.100000359117985 98.0 
29.150000359863043 91.33333587646484 
29.2000003606081 94.0 
29.25000036135316 89.33333587646484 
29.300000362098217 91.33333587646484 
29.350000362843275 91.33333587646484 
29.400000363588333 108.66666412353516 
29.45000036433339 90.0 
29.50000036507845 98.66666412353516 
29.550000365823507 110.0 
29.600000366568565 109.33333587646484 
29.650000367313623 98.0 
29.70000036805868 95.33333587646484 
29.75000036880374 74.0 
29.800000369548798 91.33333587646484 
29.850000370293856 90.66666412353516 
29.900000371038914 97.33333587646484 
29.950000371783972 95.33333587646484 
30.00000037252903 100.66666412353516 
30.050000373274088 92.66666412353516 
30.100000374019146 88.0 
30.150000374764204 92.66666412353516 
30.200000375509262 90.66666412353516 
30.25000037625432 104.0 
30.300000376999378 92.0 
30.350000377744436 94.66666412353516 
30.400000378489494 92.0 
30.450000379234552 94.0 
30.50000037997961 81.33333587646484 
30.55000038072467 96.0 
30.600000381469727 103.33333587646484 
30.650000382214785 89.33333587646484 
30.700000382959843 101.33333587646484 
30.7500003837049 79.33333587646484 
30.80000038444996 92.66666412353516 
30.850000385195017 92.0 
30.900000385940075 87.33333587646484 
30.950000386685133 82.0 
31.00000038743019 84.0 
31.05000038817525 104.0 
31.100000388920307 92.66666412353516 
31.150000389665365 104.0 
31.200000390410423 91.33333587646484 
31.25000039115548 82.0 
31.30000039190054 86.0 
31.350000392645597 87.33333587646484 
31.400000393390656 105.33333587646484 
31.450000394135714 76.0 
31.50000039488077 110.0 
31.55000039562583 90.66666412353516 
31.600000396370888 84.66666412353516 
31.650000397115946 101.33333587646484 
31.700000397861004 92.66666412353516 
31.750000398606062 76.0 
31.80000039935112 85.33333587646484 
31.850000400096178 90.0 
31.900000400841236 76.66666412353516 
31.950000401586294 100.66666412353516 
32.00000040233135 96.66666412353516 
32.05000040307641 90.0 
32.10000040382147 87.33333587646484 
32.150000404566526 84.0 
32.200000405311584 97.33333587646484 
32.25000040605664 83.33333587646484 
32.3000004068017 84.0 
32.35000040754676 80.0 
32.40000040829182 91.33333587646484 
32.450000409036875 92.0 
32.50000040978193 82.66666412353516 
32.55000041052699 93.33333587646484 
32.60000041127205 82.0 
32.65000041201711 83.33333587646484 
32.700000412762165 76.0 
32.75000041350722 87.33333587646484 
32.80000041425228 91.33333587646484 
32.85000041499734 79.33333587646484 
32.9000004157424 81.33333587646484 
32.950000416487455 90.66666412353516 
33.00000041723251 87.33333587646484 
33.05000041797757 77.33333587646484 
33.10000041872263 86.66666412353516 
33.15000041946769 90.66666412353516 
33.200000420212746 95.33333587646484 
33.250000420957804 86.0 
33.30000042170286 93.33333587646484 
33.35000042244792 86.66666412353516 
33.40000042319298 94.0 
33.450000423938036 82.0 
33.500000424683094 92.66666412353516 
33.55000042542815 88.66666412353516 
33.60000042617321 87.33333587646484 
33.65000042691827 92.0 
33.700000427663326 68.66666412353516 
33.750000428408384 92.66666412353516 
33.80000042915344 90.66666412353516 
33.8500004298985 88.66666412353516 
33.90000043064356 85.33333587646484 
33.95000043138862 74.66666412353516 
34.000000432133675 76.0 
34.05000043287873 92.0 
34.10000043362379 88.0 
34.15000043436885 90.66666412353516 
34.20000043511391 80.0 
34.250000435858965 82.66666412353516 
34.30000043660402 90.66666412353516 
34.35000043734908 79.33333587646484 
34.40000043809414 87.33333587646484 
34.4500004388392 70.66666412353516 
34.500000439584255 90.66666412353516 
34.55000044032931 89.33333587646484 
34.60000044107437 80.0 
34.65000044181943 84.0 
34.70000044256449 83.33333587646484 
34.750000443309546 74.66666412353516 
34.800000444054604 89.33333587646484 
34.85000044479966 84.66666412353516 
34.90000044554472 96.0 
34.95000044628978 89.33333587646484 
35.000000447034836 86.0 
35.050000447779894 91.33333587646484 
35.10000044852495 87.33333587646484 
35.15000044927001 70.66666412353516 
35.20000045001507 93.33333587646484 
35.250000450760126 85.33333587646484 
35.300000451505184 81.33333587646484 
35.35000045225024 109.33333587646484 
35.4000004529953 117.33333587646484 
35.45000045374036 98.0 
35.500000454485416 82.0 
35.550000455230474 75.33333587646484 
35.60000045597553 84.0 
35.65000045672059 76.66666412353516 
35.70000045746565 78.66666412353516 
35.75000045821071 74.0 
35.800000458955765 86.0 
35.85000045970082 83.33333587646484 
35.90000046044588 82.0 
35.95000046119094 85.33333587646484 
36.000000461936 85.33333587646484 
36.050000462681055 81.33333587646484 
36.10000046342611 82.66666412353516 
36.15000046417117 92.0 
36.20000046491623 81.33333587646484 
36.25000046566129 85.33333587646484 
36.300000466406345 98.66666412353516 
36.3500004671514 98.66666412353516 
36.40000046789646 127.33333587646484 
36.45000046864152 111.33333587646484 
36.50000046938658 111.33333587646484 
36.550000470131636 94.0 
36.600000470876694 81.33333587646484 
36.65000047162175 87.33333587646484 
36.70000047236681 83.33333587646484 
36.75000047311187 96.0 
36.800000473856926 84.66666412353516 
36.850000474601984 73.33333587646484 
36.90000047534704 90.66666412353516 
36.9500004760921 88.0 
37.00000047683716 86.0 
37.050000477582216 93.33333587646484 
37.100000478327274 86.66666412353516 
37.15000047907233 91.33333587646484 
37.20000047981739 66.66666412353516 
37.25000048056245 72.66666412353516 
37.30000048130751 83.33333587646484 
37.350000482052565 81.33333587646484 
37.40000048279762 83.33333587646484 
37.45000048354268 74.66666412353516 
37.50000048428774 82.0 
37.5500004850328 76.66666412353516 
37.600000485777855 82.66666412353516 
37.65000048652291 72.66666412353516 
37.70000048726797 77.33333587646484 
37.75000048801303 82.66666412353516 
37.80000048875809 70.66666412353516 
37.850000489503145 94.0 
37.9000004902482 106.0 
37.95000049099326 98.0 
38.00000049173832 112.66666412353516 
38.05000049248338 103.33333587646484 
38.100000493228436 96.66666412353516 
38.150000493973494 96.0 
38.20000049471855 97.33333587646484 
38.25000049546361 108.0 
38.30000049620867 96.66666412353516 
38.350000496953726 82.66666412353516 
38.400000497698784 92.66666412353516 
38.45000049844384 99.33333587646484 
38.5000004991889 92.66666412353516 
38.55000049993396 94.66666412353516 
38.600000500679016 72.0 
38.650000501424074 107.33333587646484 
38.70000050216913 86.66666412353516 
38.75000050291419 100.66666412353516 
38.80000050365925 104.66666412353516 
38.850000504404306 102.66666412353516 
38.900000505149364 106.66666412353516 
38.95000050589442 113.33333587646484 
39.00000050663948 114.66666412353516 
39.05000050738454 124.0 
39.1000005081296 210.6666717529297 
39.150000508874655 288.0 
39.20000050961971 394.0 
39.25000051036477 1554.0 
39.30000051110983 4967.33349609375 
39.35000051185489 4730.0 
39.400000512599945 3026.0 
39.450000513345 2222.0 
39.50000051409006 509.3333435058594 
39.55000051483512 163.3333282470703 
39.60000051558018 143.3333282470703 
39.650000516325235 133.3333282470703 
39.70000051707029 127.33333587646484 
39.75000051781535 104.66666412353516 
39.80000051856041 96.66666412353516 
39.85000051930547 98.0 
39.900000520050526 98.66666412353516 
39.950000520795584 124.66666412353516 
40.00000052154064 159.3333282470703 
40.0500005222857 267.3333435058594 
40.10000052303076 265.3333435058594 
40.150000523775816 206.0 
40.200000524520874 177.3333282470703 
40.25000052526593 101.33333587646484 
40.30000052601099 97.33333587646484 
40.35000052675605 102.66666412353516 
40.400000527501106 87.33333587646484 
40.450000528246164 86.0 
40.50000052899122 85.33333587646484 
40.55000052973628 84.66666412353516 
40.60000053048134 78.66666412353516 
40.6500005312264 86.0 
40.700000531971455 79.33333587646484 
40.75000053271651 80.0 
40.80000053346157 82.66666412353516 
40.85000053420663 99.33333587646484 
40.90000053495169 98.0 
40.950000535696745 75.33333587646484 
41.0000005364418 92.0 
41.05000053718686 96.0 
41.10000053793192 106.0 
41.15000053867698 95.33333587646484 
41.200000539422035 76.66666412353516 
41.25000054016709 81.33333587646484 
41.30000054091215 91.33333587646484 
41.35000054165721 98.66666412353516 
41.40000054240227 74.0 
41.450000543147326 100.66666412353516 
41.500000543892384 99.33333587646484 
41.55000054463744 95.33333587646484 
41.6000005453825 95.33333587646484 
41.65000054612756 90.66666412353516 
41.700000546872616 102.66666412353516 
41.750000547617674 96.66666412353516 
41.80000054836273 82.0 
41.85000054910779 94.66666412353516 
41.90000054985285 86.66666412353516 
41.950000550597906 100.0 
42.000000551342964 116.66666412353516 
42.05000055208802 144.6666717529297 
42.10000055283308 388.0 
42.15000055357814 813.3333129882812 
42.200000554323196 1204.6666259765625 
42.250000555068254 1317.3333740234375 
42.30000055581331 1143.3333740234375 
42.35000055655837 694.0 
42.40000055730343 415.3333435058594 
42.45000055804849 179.3333282470703 
42.500000558793545 114.66666412353516 
42.5500005595386 101.33333587646484 
42.60000056028366 90.66666412353516 
42.65000056102872 84.0 
42.70000056177378 79.33333587646484 
42.750000562518835 72.0 
42.80000056326389 70.0 
42.85000056400895 79.33333587646484 
42.90000056475401 62.0 
42.95000056549907 76.66666412353516 
43.000000566244125 66.66666412353516 
43.05000056698918 79.33333587646484 
43.10000056773424 90.0 
43.1500005684793 79.33333587646484 
43.20000056922436 81.33333587646484 
43.250000569969416 81.33333587646484 
43.300000570714474 68.0 
43.35000057145953 73.33333587646484 
43.40000057220459 86.0 
43.45000057294965 89.33333587646484 
43.500000573694706 75.33333587646484 
43.550000574439764 69.33333587646484 
43.60000057518482 81.33333587646484 
43.65000057592988 76.66666412353516 
43.70000057667494 73.33333587646484 
43.750000577419996 76.0 
43.800000578165054 85.33333587646484 
43.85000057891011 86.66666412353516 
43.90000057965517 65.33333587646484 
43.95000058040023 68.0 
44.00000058114529 67.33333587646484 
44.050000581890345 81.33333587646484 
44.1000005826354 75.33333587646484 
44.15000058338046 71.33333587646484 
44.20000058412552 77.33333587646484 
44.25000058487058 96.66666412353516 
44.300000585615635 70.66666412353516 
44.35000058636069 75.33333587646484 
44.40000058710575 82.0 
44.45000058785081 67.33333587646484 
44.50000058859587 82.66666412353516 
44.550000589340925 78.0 
44.60000059008598 72.66666412353516 
44.65000059083104 84.0 
44.7000005915761 86.0 
44.75000059232116 75.33333587646484 
44.800000593066216 95.33333587646484 
44.850000593811274 96.0 
44.90000059455633 91.33333587646484 
44.95000059530139 64.66666412353516 
45.00000059604645 68.66666412353516 
45.050000596791506 71.33333587646484 
45.100000597536564 70.66666412353516 
45.15000059828162 80.0 
45.20000059902668 72.66666412353516 
45.25000059977174 72.0 
45.300000600516796 80.66666412353516 
45.350000601261854 74.66666412353516 
45.40000060200691 76.66666412353516 
45.45000060275197 102.66666412353516 
45.50000060349703 118.66666412353516 
45.550000604242086 118.66666412353516 
45.600000604987144 147.3333282470703 
45.6500006057322 162.0 
45.70000060647726 138.6666717529297 
45.75000060722232 111.33333587646484 
45.80000060796738 110.0 
45.850000608712435 78.0 
45.90000060945749 83.33333587646484 
45.95000061020255 80.0 
46.00000061094761 86.66666412353516 
46.05000061169267 82.66666412353516 
46.100000612437725 70.0 
46.15000061318278 74.0 
46.20000061392784 60.66666793823242 
46.2500006146729 76.66666412353516 
46.30000061541796 80.66666412353516 
46.350000616163015 84.0 
46.40000061690807 63.33333206176758 
46.45000061765313 77.33333587646484 
46.50000061839819 68.0 
46.55000061914325 80.0 
46.600000619888306 75.33333587646484 
46.650000620633364 86.0 
46.70000062137842 82.0 
46.75000062212348 69.33333587646484 
46.80000062286854 69.33333587646484 
46.850000623613596 82.0 
46.900000624358654 66.66666412353516 
46.95000062510371 77.33333587646484 
47.00000062584877 82.66666412353516 
47.05000062659383 72.66666412353516 
47.100000627338886 72.66666412353516 
47.150000628083944 69.33333587646484 
47.200000628829 82.66666412353516 
47.25000062957406 74.66666412353516 
47.30000063031912 64.0 
47.35000063106418 65.33333587646484 
47.400000631809235 81.33333587646484 
47.45000063255429 78.0 
47.50000063329935 72.66666412353516 
47.55000063404441 76.66666412353516 
47.60000063478947 75.33333587646484 
47.650000635534525 70.66666412353516 
47.70000063627958 71.33333587646484 
47.75000063702464 74.66666412353516 
47.8000006377697 76.66666412353516 
47.85000063851476 64.0 
47.900000639259815 69.33333587646484 
47.95000064000487 75.33333587646484 
48.00000064074993 82.0 
48.05000064149499 69.33333587646484 
48.10000064224005 78.0 
48.150000642985106 70.0 
48.200000643730164 73.33333587646484 
48.25000064447522 84.0 
48.30000064522028 74.0 
48.35000064596534 76.66666412353516 
48.400000646710396 84.0 
48.450000647455454 84.0 
48.50000064820051 74.66666412353516 
48.55000064894557 77.33333587646484 
48.60000064969063 68.0 
48.650000650435686 64.66666412353516 
48.700000651180744 81.33333587646484 
48.7500006519258 84.0 
48.80000065267086 62.0 
48.85000065341592 84.66666412353516 
48.900000654160976 72.0 
48.950000654906034 86.0 
49.00000065565109 92.0 
49.05000065639615 94.66666412353516 
49.10000065714121 100.66666412353516 
49.15000065788627 83.33333587646484 
49.200000658631325 64.66666412353516 
49.25000065937638 72.66666412353516 
49.30000066012144 69.33333587646484 
49.3500006608665 74.66666412353516 
49.40000066161156 114.0 
49.450000662356615 86.66666412353516 
49.50000066310167 75.33333587646484 
49.55000066384673 85.33333587646484 
49.60000066459179 95.33333587646484 
49.65000066533685 88.66666412353516 
49.700000666081905 70.0 
49.75000066682696 104.0 
49.80000066757202 131.3333282470703 
49.85000066831708 202.0 
49.90000066906214 414.0 
49.950000669807196 1008.6666870117188 
50.000000670552254 705.3333129882812 
50.05000067129731 430.0 
50.10000067204237 534.0 
50.15000067278743 233.3333282470703 
50.200000673532486 110.66666412353516 
50.250000674277544 76.0 
50.3000006750226 95.33333587646484 
50.35000067576766 73.33333587646484 
50.40000067651272 85.33333587646484 
50.450000677257776 86.66666412353516 
50.500000678002834 77.33333587646484 
50.55000067874789 80.0 
50.60000067949295 87.33333587646484 
50.65000068023801 72.0 
50.70000068098307 66.0 
50.750000681728125 71.33333587646484 
50.80000068247318 60.0 
50.85000068321824 72.66666412353516 
50.9000006839633 66.0 
50.95000068470836 75.33333587646484 
51.000000685453415 74.66666412353516 
51.05000068619847 65.33333587646484 
51.10000068694353 60.0 
51.15000068768859 78.66666412353516 
51.20000068843365 71.33333587646484 
51.250000689178705 68.66666412353516 
51.30000068992376 82.66666412353516 
51.35000069066882 66.66666412353516 
51.40000069141388 58.66666793823242 
51.45000069215894 62.0 
51.500000692903996 61.33333206176758 
51.550000693649054 60.66666793823242 
51.60000069439411 82.0 
51.65000069513917 83.33333587646484 
51.70000069588423 69.33333587646484 
51.750000696629286 73.33333587646484 
51.800000697374344 69.33333587646484 
51.8500006981194 71.33333587646484 
51.90000069886446 68.0 
51.95000069960952 77.33333587646484 
52.000000700354576 68.0 
52.050000701099634 73.33333587646484 
52.10000070184469 60.0 
52.15000070258975 68.66666412353516 
52.20000070333481 69.33333587646484 
52.250000704079866 72.66666412353516 
52.300000704824924 64.0 
52.35000070556998 70.0 
52.40000070631504 78.66666412353516 
52.4500007070601 69.33333587646484 
52.50000070780516 84.0 
52.550000708550215 74.66666412353516 
52.60000070929527 64.0 
52.65000071004033 69.33333587646484 
52.70000071078539 71.33333587646484 
52.75000071153045 68.0 
52.800000712275505 70.66666412353516 
52.85000071302056 68.66666412353516 
52.90000071376562 66.66666412353516 
52.95000071451068 77.33333587646484 
53.00000071525574 64.0 
53.050000716000795 68.0 
53.10000071674585 72.66666412353516 
53.15000071749091 72.66666412353516 
53.20000071823597 74.0 
53.25000071898103 72.0 
53.300000719726086 79.33333587646484 
53.350000720471144 79.33333587646484 
53.4000007212162 80.0 
53.45000072196126 78.0 
53.50000072270632 80.0 
53.550000723451376 72.0 
53.600000724196434 88.0 
53.65000072494149 71.33333587646484 
53.70000072568655 75.33333587646484 
53.75000072643161 82.66666412353516 
53.800000727176666 70.66666412353516 
53.850000727921724 79.33333587646484 
53.90000072866678 76.66666412353516 
53.95000072941184 76.0 
54.0000007301569 70.0 
54.05000073090196 80.0 
54.100000731647015 72.66666412353516 
54.15000073239207 69.33333587646484 
54.20000073313713 70.0 
54.25000073388219 87.33333587646484 
54.30000073462725 86.66666412353516 
54.350000735372305 79.33333587646484 
54.40000073611736 102.0 
54.45000073686242 102.0 
54.50000073760748 112.0 
54.55000073835254 140.6666717529297 
54.600000739097595 341.3333435058594 
54.65000073984265 1141.3333740234375 
54.70000074058771 1465.3333740234375 
54.75000074133277 762.6666870117188 
54.80000074207783 711.3333129882812 
54.850000742822886 791.3333129882812 
54.900000743567944 333.3333435058594 
54.950000744313 144.0 
55.00000074505806 113.33333587646484 
55.05000074580312 128.6666717529297 
55.100000746548176 296.0 
55.150000747293234 401.3333435058594 
55.20000074803829 168.0 
55.25000074878335 221.3333282470703 
55.30000074952841 263.3333435058594 
55.350000750273466 136.0 
55.400000751018524 90.0 
55.45000075176358 80.66666412353516 
55.50000075250864 79.33333587646484 
55.5500007532537 85.33333587646484 
55.600000753998756 87.33333587646484 
55.650000754743814 79.33333587646484 
55.70000075548887 81.33333587646484 
55.75000075623393 64.66666412353516 
55.80000075697899 71.33333587646484 
55.85000075772405 80.0 
55.900000758469105 84.66666412353516 
55.95000075921416 73.33333587646484 
56.00000075995922 70.66666412353516 
56.05000076070428 78.0 
56.10000076144934 77.33333587646484 
56.150000762194395 88.66666412353516 
56.20000076293945 78.66666412353516 
56.25000076368451 72.0 
56.30000076442957 73.33333587646484 
56.35000076517463 69.33333587646484 
56.400000765919685 71.33333587646484 
56.45000076666474 65.33333587646484 
56.5000007674098 80.0 
56.55000076815486 75.33333587646484 
56.60000076889992 79.33333587646484 
56.650000769644976 76.0 
56.700000770390034 71.33333587646484 
56.75000077113509 84.66666412353516 
56.80000077188015 71.33333587646484 
56.85000077262521 88.0 
56.900000773370266 80.0 
56.950000774115324 73.33333587646484 
57.00000077486038 82.0 
57.05000077560544 78.66666412353516 
57.1000007763505 76.0 
57.150000777095556 83.33333587646484 
57.200000777840614 68.66666412353516 
57.25000077858567 75.33333587646484 
57.30000077933073 67.33333587646484 
57.35000078007579 82.0 
57.40000078082085 70.0 
57.450000781565905 76.66666412353516 
57.50000078231096 77.33333587646484 
57.55000078305602 72.66666412353516 
57.60000078380108 85.33333587646484 
57.65000078454614 84.0 
57.700000785291195 79.33333587646484 
57.75000078603625 72.66666412353516 
57.80000078678131 78.0 
57.85000078752637 76.0 
57.90000078827143 91.33333587646484 
57.950000789016485 72.0 
58.00000078976154 83.33333587646484 
58.0500007905066 74.66666412353516 
58.10000079125166 92.0 
58.15000079199672 82.66666412353516 
58.200000792741776 81.33333587646484 
58.250000793486834 75.33333587646484 
58.30000079423189 79.33333587646484 
58.35000079497695 76.66666412353516 
58.40000079572201 86.0 
58.450000796467066 89.33333587646484 
58.500000797212124 74.66666412353516 
58.55000079795718 71.33333587646484 
58.60000079870224 70.0 
58.6500007994473 86.0 
58.700000800192356 80.0 
58.750000800937414 92.66666412353516 
58.80000080168247 76.0 
58.85000080242753 86.0 
58.90000080317259 77.33333587646484 
58.950000803917646 81.33333587646484 
59.000000804662704 86.66666412353516 
59.05000080540776 82.0 
59.10000080615282 93.33333587646484 
59.15000080689788 85.33333587646484 
59.20000080764294 94.66666412353516 
59.250000808387995 98.0 
59.30000080913305 79.33333587646484 
59.35000080987811 89.33333587646484 
59.40000081062317 109.33333587646484 
59.45000081136823 110.0 
59.500000812113285 102.0 
59.55000081285834 132.6666717529297 
59.6000008136034 190.6666717529297 
59.65000081434846 354.0 
59.70000081509352 760.6666870117188 
59.750000815838575 1260.6666259765625 
59.80000081658363 747.3333129882812 
59.85000081732869 424.0 
59.90000081807375 638.6666870117188 
59.95000081881881 468.0 
60.000000819563866 178.6666717529297 
60.050000820308924 122.66666412353516 
60.10000082105398 112.0 
60.15000082179904 114.0 
60.2000008225441 96.66666412353516 
60.250000823289156 80.66666412353516 
60.300000824034214 82.66666412353516 
60.35000082477927 73.33333587646484 
60.40000082552433 78.66666412353516 
60.45000082626939 82.0 
60.500000827014446 84.0 
60.550000827759504 94.66666412353516 
60.60000082850456 78.66666412353516 
60.65000082924962 80.0 
60.70000082999468 74.0 
60.75000083073974 65.33333587646484 
60.800000831484795 74.0 
60.85000083222985 90.66666412353516 
60.90000083297491 90.0 
60.95000083371997 87.33333587646484 
61.00000083446503 76.66666412353516 
61.050000835210085 78.0 
61.10000083595514 88.0 
61.1500008367002 76.66666412353516 
61.20000083744526 78.66666412353516 
61.25000083819032 81.33333587646484 
61.300000838935375 64.0 
61.35000083968043 82.66666412353516 
61.40000084042549 88.66666412353516 
61.45000084117055 78.66666412353516 
61.50000084191561 85.33333587646484 
61.550000842660666 88.0 
61.600000843405724 95.33333587646484 
61.65000084415078 86.0 
61.70000084489584 80.0 
61.7500008456409 67.33333587646484 
61.800000846385956 68.66666412353516 
61.850000847131014 86.66666412353516 
61.90000084787607 82.0 
61.95000084862113 92.0 
62.00000084936619 76.0 
62.050000850111246 88.66666412353516 
62.100000850856304 86.66666412353516 
62.15000085160136 81.33333587646484 
62.20000085234642 80.0 
62.25000085309148 76.66666412353516 
62.300000853836536 86.0 
62.350000854581594 87.33333587646484 
62.40000085532665 72.0 
62.45000085607171 92.66666412353516 
62.50000085681677 70.66666412353516 
62.55000085756183 78.0 
62.600000858306885 70.66666412353516 
62.65000085905194 81.33333587646484 
62.700000859797 83.33333587646484 
62.75000086054206 82.66666412353516 
62.80000086128712 88.0 
62.850000862032175 86.0 
62.90000086277723 80.0 
62.95000086352229 82.66666412353516 
63.00000086426735 92.0 
63.05000086501241 78.66666412353516 
63.100000865757465 86.0 
63.15000086650252 80.66666412353516 
63.20000086724758 86.66666412353516 
63.25000086799264 74.0 
63.3000008687377 81.33333587646484 
63.350000869482756 84.0 
63.400000870227814 101.33333587646484 
63.45000087097287 90.0 
63.50000087171793 91.33333587646484 
63.55000087246299 100.66666412353516 
63.600000873208046 98.66666412353516 
63.650000873953104 96.0 
63.70000087469816 132.0 
63.75000087544322 258.0 
63.80000087618828 368.0 
63.850000876933336 273.3333435058594 
63.900000877678394 228.6666717529297 
63.95000087842345 249.3333282470703 
64.00000087916851 208.6666717529297 
64.05000087991357 162.0 
64.10000088065863 127.33333587646484 
64.15000088140368 111.33333587646484 
64.20000088214874 102.0 
64.2500008828938 88.0 
64.30000088363886 101.33333587646484 
64.35000088438392 86.0 
64.40000088512897 90.0 
64.45000088587403 78.0 
64.50000088661909 93.33333587646484 
64.55000088736415 83.33333587646484 
64.60000088810921 97.33333587646484 
64.65000088885427 77.33333587646484 
64.70000088959932 93.33333587646484 
64.75000089034438 80.66666412353516 
64.80000089108944 94.66666412353516 
64.8500008918345 86.0 
64.90000089257956 86.0 
64.95000089332461 95.33333587646484 
65.00000089406967 98.66666412353516 
65.05000089481473 83.33333587646484 
65.10000089555979 88.66666412353516 
65.15000089630485 96.0 
65.2000008970499 104.0 
65.25000089779496 100.0 
65.30000089854002 80.0 
65.35000089928508 100.66666412353516 
65.40000090003014 122.66666412353516 
65.4500009007752 242.6666717529297 
65.50000090152025 292.0 
65.55000090226531 206.0 
65.60000090301037 174.6666717529297 
65.65000090375543 210.0 
65.70000090450048 220.0 
65.75000090524554 144.6666717529297 
65.8000009059906 114.66666412353516 
65.85000090673566 106.66666412353516 
65.90000090748072 111.33333587646484 
65.95000090822577 96.66666412353516 
66.00000090897083 114.0 
66.05000090971589 92.66666412353516 
66.10000091046095 81.33333587646484 
66.150000911206 92.66666412353516 
66.20000091195107 94.0 
66.25000091269612 106.0 
66.30000091344118 94.66666412353516 
66.35000091418624 104.66666412353516 
66.4000009149313 100.66666412353516 
66.45000091567636 91.33333587646484 
66.50000091642141 77.33333587646484 
66.55000091716647 95.33333587646484 
66.60000091791153 108.66666412353516 
66.65000091865659 86.66666412353516 
66.70000091940165 90.66666412353516 
66.7500009201467 97.33333587646484 
66.80000092089176 98.0 
66.85000092163682 86.0 
66.90000092238188 86.0 
66.95000092312694 114.0 
67.000000923872 95.33333587646484 
67.05000092461705 114.0 
67.10000092536211 111.33333587646484 
67.15000092610717 125.33333587646484 
67.20000092685223 122.66666412353516 
67.25000092759728 129.3333282470703 
67.30000092834234 126.0 
67.3500009290874 154.6666717529297 
67.40000092983246 264.6666564941406 
67.45000093057752 574.0 
67.50000093132257 1192.6666259765625 
67.55000093206763 1227.3333740234375 
67.60000093281269 584.0 
67.65000093355775 470.0 
67.7000009343028 730.0 
67.75000093504786 696.6666870117188 
67.80000093579292 469.3333435058594 
67.85000093653798 1102.6666259765625 
67.90000093728304 2309.333251953125 
67.9500009380281 2766.0 
68.00000093877316 1494.6666259765625 
68.05000093951821 883.3333129882812 
68.10000094026327 1332.6666259765625 
68.15000094100833 1382.6666259765625 
68.20000094175339 654.6666870117188 
68.25000094249845 250.6666717529297 
68.3000009432435 148.0 
68.35000094398856 146.0 
68.40000094473362 127.33333587646484 
68.45000094547868 119.33333587646484 
68.50000094622374 108.0 
68.5500009469688 114.66666412353516 
68.60000094771385 103.33333587646484 
68.65000094845891 104.0 
68.70000094920397 111.33333587646484 
68.75000094994903 102.66666412353516 
68.80000095069408 115.33333587646484 
68.85000095143914 91.33333587646484 
68.9000009521842 105.33333587646484 
68.95000095292926 85.33333587646484 
69.00000095367432 106.66666412353516 
69.05000095441937 92.66666412353516 
69.10000095516443 108.0 
69.15000095590949 88.66666412353516 
69.20000095665455 82.0 
69.2500009573996 109.33333587646484 
69.30000095814466 107.33333587646484 
69.35000095888972 89.33333587646484 
69.40000095963478 88.0 
69.45000096037984 104.66666412353516 
69.5000009611249 78.0 
69.55000096186996 86.0 
69.60000096261501 90.66666412353516 
69.65000096336007 89.33333587646484 
69.70000096410513 97.33333587646484 
69.75000096485019 86.0 
69.80000096559525 95.33333587646484 
69.8500009663403 98.0 
69.90000096708536 88.66666412353516 
69.95000096783042 94.66666412353516 
70.00000096857548 92.66666412353516 
70.05000096932054 89.33333587646484 
70.1000009700656 86.66666412353516 
70.15000097081065 92.66666412353516 
70.20000097155571 101.33333587646484 
70.25000097230077 94.66666412353516 
70.30000097304583 90.66666412353516 
70.35000097379088 92.66666412353516 
70.40000097453594 100.0 
70.450000975281 102.66666412353516 
70.50000097602606 90.66666412353516 
70.55000097677112 86.0 
70.60000097751617 102.66666412353516 
70.65000097826123 104.0 
70.70000097900629 85.33333587646484 
70.75000097975135 103.33333587646484 
70.8000009804964 85.33333587646484 
70.85000098124146 94.66666412353516 
70.90000098198652 96.66666412353516 
70.95000098273158 87.33333587646484 
71.00000098347664 88.0 
71.0500009842217 86.0 
71.10000098496675 94.0 
71.15000098571181 80.0 
71.20000098645687 93.33333587646484 
71.25000098720193 100.0 
71.30000098794699 89.33333587646484 
71.35000098869205 88.66666412353516 
71.4000009894371 86.66666412353516 
71.45000099018216 96.66666412353516 
71.50000099092722 94.66666412353516 
71.55000099167228 92.66666412353516 
71.60000099241734 93.33333587646484 
71.6500009931624 89.33333587646484 
71.70000099390745 100.0 
71.75000099465251 94.0 
71.80000099539757 89.33333587646484 
71.85000099614263 82.66666412353516 
71.90000099688768 91.33333587646484 
71.95000099763274 94.66666412353516 
72.0000009983778 84.66666412353516 
72.05000099912286 95.33333587646484 
72.10000099986792 84.66666412353516 
72.15000100061297 90.0 
72.20000100135803 98.0 
72.25000100210309 100.0 
72.30000100284815 103.33333587646484 
72.3500010035932 87.33333587646484 
72.40000100433826 103.33333587646484 
72.45000100508332 88.0 
72.50000100582838 99.33333587646484 
72.55000100657344 83.33333587646484 
72.6000010073185 88.66666412353516 
72.65000100806355 93.33333587646484 
72.70000100880861 94.66666412353516 
72.75000100955367 101.33333587646484 
72.80000101029873 83.33333587646484 
72.85000101104379 85.33333587646484 
72.90000101178885 92.0 
72.9500010125339 86.0 
73.00000101327896 108.0 
73.05000101402402 96.0 
73.10000101476908 118.66666412353516 
73.15000101551414 135.3333282470703 
73.2000010162592 237.3333282470703 
73.25000101700425 191.3333282470703 
73.30000101774931 126.66666412353516 
73.35000101849437 116.0 
73.40000101923943 136.0 
73.45000101998448 154.0 
73.50000102072954 104.66666412353516 
73.5500010214746 93.33333587646484 
73.60000102221966 96.66666412353516 
73.65000102296472 91.33333587646484 
73.70000102370977 92.66666412353516 
73.75000102445483 68.66666412353516 
73.80000102519989 107.33333587646484 
73.85000102594495 96.66666412353516 
73.90000102669 85.33333587646484 
73.95000102743506 84.66666412353516 
74.00000102818012 108.66666412353516 
74.05000102892518 91.33333587646484 
74.10000102967024 98.66666412353516 
74.1500010304153 84.66666412353516 
74.20000103116035 75.33333587646484 
74.25000103190541 76.66666412353516 
74.30000103265047 94.66666412353516 
74.35000103339553 89.33333587646484 
74.40000103414059 84.0 
74.45000103488564 91.33333587646484 
74.5000010356307 90.0 
74.55000103637576 105.33333587646484 
74.60000103712082 82.0 
74.65000103786588 96.66666412353516 
74.70000103861094 98.0 
74.750001039356 99.33333587646484 
74.80000104010105 86.66666412353516 
74.85000104084611 92.0 
74.90000104159117 102.66666412353516 
74.95000104233623 92.66666412353516 
75.00000104308128 98.0 
75.05000104382634 107.33333587646484 
75.1000010445714 94.66666412353516 
75.15000104531646 96.66666412353516 
75.20000104606152 102.66666412353516 
75.25000104680657 108.66666412353516 
75.30000104755163 123.33333587646484 
75.35000104829669 202.6666717529297 
75.40000104904175 448.6666564941406 
75.4500010497868 617.3333129882812 
75.50000105053186 611.3333129882812 
75.55000105127692 334.0 
75.60000105202198 298.6666564941406 
75.65000105276704 368.6666564941406 
75.7000010535121 378.0 
75.75000105425715 260.6666564941406 
75.80000105500221 122.0 
75.85000105574727 101.33333587646484 
75.90000105649233 101.33333587646484 
75.95000105723739 98.66666412353516 
76.00000105798244 86.0 
76.0500010587275 90.0 
76.10000105947256 94.66666412353516 
76.15000106021762 87.33333587646484 
76.20000106096268 88.0 
76.25000106170774 85.33333587646484 
76.3000010624528 86.66666412353516 
76.35000106319785 90.0 
76.40000106394291 87.33333587646484 
76.45000106468797 98.0 
76.50000106543303 99.33333587646484 
76.55000106617808 100.0 
76.60000106692314 83.33333587646484 
76.6500010676682 84.0 
76.70000106841326 94.66666412353516 
76.75000106915832 83.33333587646484 
76.80000106990337 91.33333587646484 
76.85000107064843 92.66666412353516 
76.90000107139349 88.66666412353516 
76.95000107213855 98.0 
77.0000010728836 85.33333587646484 
77.05000107362866 81.33333587646484 
77.10000107437372 102.0 
77.15000107511878 86.0 
77.20000107586384 98.66666412353516 
77.2500010766089 92.0 
77.30000107735395 102.0 
77.35000107809901 85.33333587646484 
77.40000107884407 102.0 
77.45000107958913 122.0 
77.50000108033419 138.6666717529297 
77.55000108107924 127.33333587646484 
77.6000010818243 146.0 
77.65000108256936 92.66666412353516 
77.70000108331442 93.33333587646484 
77.75000108405948 124.0 
77.80000108480453 104.0 
77.8500010855496 104.0 
77.90000108629465 84.0 
77.95000108703971 83.33333587646484 
78.00000108778477 95.33333587646484 
78.05000108852983 94.0 
78.10000108927488 86.66666412353516 
78.15000109001994 94.0 
78.200001090765 86.0 
78.25000109151006 98.0 
78.30000109225512 89.33333587646484 
78.35000109300017 82.0 
78.40000109374523 95.33333587646484 
78.45000109449029 102.66666412353516 
78.50000109523535 100.0 
78.5500010959804 96.0 
78.60000109672546 86.0 
78.65000109747052 87.33333587646484 
78.70000109821558 83.33333587646484 
78.75000109896064 96.0 
78.8000010997057 105.33333587646484 
78.85000110045075 99.33333587646484 
78.90000110119581 94.66666412353516 
78.95000110194087 100.0 
79.00000110268593 100.0 
79.05000110343099 84.66666412353516 
79.10000110417604 105.33333587646484 
79.1500011049211 92.66666412353516 
79.20000110566616 85.33333587646484 
79.25000110641122 86.0 
79.30000110715628 94.66666412353516 
79.35000110790133 96.66666412353516 
79.40000110864639 122.0 
79.45000110939145 118.66666412353516 
79.50000111013651 158.6666717529297 
79.55000111088157 230.0 
79.60000111162663 253.3333282470703 
79.65000111237168 197.3333282470703 
79.70000111311674 192.6666717529297 
79.7500011138618 358.0 
79.80000111460686 386.0 
79.85000111535192 291.3333435058594 
79.90000111609697 233.3333282470703 
79.95000111684203 186.0 
80.00000111758709 198.6666717529297 
80.05000111833215 197.3333282470703 
80.1000011190772 170.0 
80.15000111982226 140.6666717529297 
80.20000112056732 90.0 
80.25000112131238 90.66666412353516 
80.30000112205744 101.33333587646484 
80.3500011228025 100.66666412353516 
80.40000112354755 82.0 
80.45000112429261 107.33333587646484 
80.50000112503767 108.66666412353516 
80.55000112578273 84.66666412353516 
80.60000112652779 96.66666412353516 
80.65000112727284 102.0 
80.7000011280179 104.66666412353516 
80.75000112876296 116.0 
80.80000112950802 132.6666717529297 
80.85000113025308 240.6666717529297 
80.90000113099813 729.3333129882812 
80.95000113174319 716.6666870117188 
81.00000113248825 264.6666564941406 
81.05000113323331 166.6666717529297 
81.10000113397837 243.3333282470703 
81.15000113472342 519.3333129882812 
81.20000113546848 433.3333435058594 
81.25000113621354 275.3333435058594 
81.3000011369586 277.3333435058594 
81.35000113770366 296.6666564941406 
81.40000113844872 190.6666717529297 
81.45000113919377 132.0 
81.50000113993883 146.0 
81.55000114068389 192.6666717529297 
81.60000114142895 163.3333282470703 
81.650001142174 107.33333587646484 
81.70000114291906 102.66666412353516 
81.75000114366412 112.66666412353516 
81.80000114440918 107.33333587646484 
81.85000114515424 94.0 
81.9000011458993 111.33333587646484 
81.95000114664435 97.33333587646484 
82.00000114738941 105.33333587646484 
82.05000114813447 110.0 
82.10000114887953 89.33333587646484 
82.15000114962459 81.33333587646484 
82.20000115036964 86.0 
82.2500011511147 101.33333587646484 
82.30000115185976 86.66666412353516 
82.35000115260482 97.33333587646484 
82.40000115334988 90.0 
82.45000115409493 80.66666412353516 
82.50000115483999 88.66666412353516 
82.55000115558505 93.33333587646484 
82.60000115633011 87.33333587646484 
82.65000115707517 99.33333587646484 
82.70000115782022 92.0 
82.75000115856528 97.33333587646484 
82.80000115931034 100.66666412353516 
82.8500011600554 95.33333587646484 
82.90000116080046 83.33333587646484 
82.95000116154552 95.33333587646484 
83.00000116229057 90.66666412353516 
83.05000116303563 88.0 
83.10000116378069 94.66666412353516 
83.15000116452575 102.0 
83.2000011652708 88.66666412353516 
83.25000116601586 102.0 
83.30000116676092 102.0 
83.35000116750598 103.33333587646484 
83.40000116825104 110.66666412353516 
83.4500011689961 127.33333587646484 
83.50000116974115 144.6666717529297 
83.55000117048621 111.33333587646484 
83.60000117123127 97.33333587646484 
83.65000117197633 120.66666412353516 
83.70000117272139 121.33333587646484 
83.75000117346644 123.33333587646484 
83.8000011742115 116.66666412353516 
83.85000117495656 90.0 
83.90000117570162 98.0 
83.95000117644668 100.0 
84.00000117719173 107.33333587646484 
84.05000117793679 99.33333587646484 
84.10000117868185 95.33333587646484 
84.15000117942691 97.33333587646484 
84.20000118017197 93.33333587646484 
84.25000118091702 87.33333587646484 
84.30000118166208 99.33333587646484 
84.35000118240714 84.66666412353516 
84.4000011831522 84.0 
84.45000118389726 94.66666412353516 
84.50000118464231 78.66666412353516 
84.55000118538737 91.33333587646484 
84.60000118613243 92.0 
84.65000118687749 118.0 
84.70000118762255 215.3333282470703 
84.7500011883676 272.0 
84.80000118911266 166.0 
