# scan speed: 1.0
# theta min: 5.0
# theta_max: 85.0
# spacing: 0.05000000074505806
# two theta, intensity
5.0 76.0 
5.050000000745058 71.33333587646484 
5.100000001490116 69.0 
5.150000002235174 64.33333587646484 
5.200000002980232 81.66666412353516 
5.25000000372529 71.0 
5.300000004470348 70.0 
5.350000005215406 85.0 
5.4000000059604645 79.66666412353516 
5.4500000067055225 72.66666412353516 
5.500000007450581 68.66666412353516 
5.550000008195639 72.66666412353516 
5.600000008940697 77.66666412353516 
5.650000009685755 88.66666412353516 
5.700000010430813 86.33333587646484 
5.750000011175871 81.0 
5.800000011920929 80.0 
5.850000012665987 85.33333587646484 
5.900000013411045 84.33333587646484 
5.950000014156103 89.33333587646484 
6.000000014901161 89.0 
6.050000015646219 91.33333587646484 
6.100000016391277 91.66666412353516 
6.150000017136335 92.33333587646484 
6.200000017881393 94.0 
6.2500000186264515 89.0 
6.3000000193715096 97.66666412353516 
6.350000020116568 102.0 
6.400000020861626 96.33333587646484 
6.450000021606684 98.66666412353516 
6.500000022351742 111.33333587646484 
6.5500000230968 98.66666412353516 
6.600000023841858 102.66666412353516 
6.650000024586916 93.33333587646484 
6.700000025331974 101.66666412353516 
6.750000026077032 95.33333587646484 
6.80000002682209 105.33333587646484 
6.850000027567148 96.66666412353516 
6.900000028312206 108.66666412353516 
6.950000029057264 98.0 
7.000000029802322 111.33333587646484 
7.0500000305473804 109.0 
7.1000000312924385 107.66666412353516 
7.150000032037497 102.33333587646484 
7.200000032782555 106.66666412353516 
7.250000033527613 113.33333587646484 
7.300000034272671 118.0 
7.350000035017729 108.33333587646484 
7.400000035762787 112.33333587646484 
7.450000036507845 122.0 
7.500000037252903 125.0 
7.550000037997961 108.66666412353516 
7.600000038743019 116.66666412353516 
7.650000039488077 113.33333587646484 
7.700000040233135 114.0 
7.750000040978193 112.66666412353516 
7.800000041723251 114.0 
7.850000042468309 114.33333587646484 
7.9000000432133675 127.66666412353516 
7.9500000439584255 119.0 
8.000000044703484 135.6666717529297 
8.050000045448542 118.0 
8.1000000461936 125.0 
8.150000046938658 131.3333282470703 
8.200000047683716 119.0 
8.250000048428774 126.33333587646484 
8.300000049173832 127.0 
8.35000004991889 122.66666412353516 
8.400000050663948 125.66666412353516 
8.450000051409006 137.6666717529297 
8.500000052154064 125.33333587646484 
8.550000052899122 118.0 
8.60000005364418 142.6666717529297 
8.650000054389238 144.0 
8.700000055134296 138.0 
8.750000055879354 139.6666717529297 
8.800000056624413 132.0 
8.85000005736947 139.3333282470703 
8.900000058114529 151.0 
8.950000058859587 143.3333282470703 
9.000000059604645 155.0 
9.050000060349703 137.3333282470703 
9.100000061094761 148.6666717529297 
9.150000061839819 146.3333282470703 
9.200000062584877 144.6666717529297 
9.250000063329935 151.3333282470703 
9.300000064074993 157.0 
9.350000064820051 148.3333282470703 
9.40000006556511 146.6666717529297 
9.450000066310167 153.6666717529297 
9.500000067055225 150.3333282470703 
9.550000067800283 136.3333282470703 
9.600000068545341 144.6666717529297 
9.6500000692904 173.0 
9.700000070035458 151.3333282470703 
9.750000070780516 154.3333282470703 
9.800000071525574 152.6666717529297 
9.850000072270632 155.6666717529297 
9.90000007301569 145.3333282470703 
9.950000073760748 145.3333282470703 
10.000000074505806 153.0 
10.050000075250864 163.3333282470703 
10.100000075995922 161.3333282470703 
10.15000007674098 161.6666717529297 
10.200000077486038 158.0 
10.250000078231096 160.6666717529297 
10.300000078976154 157.0 
10.350000079721212 178.0 
10.40000008046627 159.3333282470703 
10.450000081211329 153.0 
10.500000081956387 165.6666717529297 
10.550000082701445 171.0 
10.600000083446503 147.0 
10.65000008419156 170.0 
10.700000084936619 164.3333282470703 
10.750000085681677 170.0 
10.800000086426735 168.6666717529297 
10.850000087171793 154.6666717529297 
10.900000087916851 156.3333282470703 
10.950000088661909 162.3333282470703 
11.000000089406967 163.3333282470703 
11.050000090152025 179.6666717529297 
11.100000090897083 167.6666717529297 
11.150000091642141 166.3333282470703 
11.2000000923872 159.3333282470703 
11.250000093132257 180.0 
11.300000093877316 174.6666717529297 
11.350000094622374 163.0 
11.400000095367432 169.0 
11.45000009611249 174.6666717529297 
11.500000096857548 173.3333282470703 
11.550000097602606 172.0 
11.600000098347664 158.0 
11.650000099092722 161.0 
11.70000009983778 157.6666717529297 
11.750000100582838 167.6666717529297 
11.800000101327896 165.3333282470703 
11.850000102072954 168.6666717529297 
11.900000102818012 158.3333282470703 
11.95000010356307 164.0 
12.000000104308128 160.0 
12.050000105053186 163.0 
12.100000105798244 158.0 
12.150000106543303 164.0 
12.20000010728836 162.0 
12.250000108033419 153.0 
12.300000108778477 155.6666717529297 
12.350000109523535 161.3333282470703 
12.400000110268593 155.6666717529297 
12.450000111013651 161.0 
12.500000111758709 159.3333282470703 
12.550000112503767 159.3333282470703 
12.600000113248825 164.3333282470703 
12.650000113993883 169.3333282470703 
12.700000114738941 159.0 
12.750000115484 153.0 
12.800000116229057 152.6666717529297 
12.850000116974115 173.6666717529297 
12.900000117719173 158.3333282470703 
12.950000118464231 169.0 
13.00000011920929 150.6666717529297 
13.050000119954348 164.3333282470703 
13.100000120699406 154.6666717529297 
13.150000121444464 162.3333282470703 
13.200000122189522 157.3333282470703 
13.25000012293458 160.3333282470703 
13.300000123679638 168.0 
13.350000124424696 152.0 
13.400000125169754 158.6666717529297 
13.450000125914812 155.0 
13.50000012665987 154.6666717529297 
13.550000127404928 155.0 
13.600000128149986 158.0 
13.650000128895044 150.3333282470703 
13.700000129640102 157.6666717529297 
13.75000013038516 173.6666717529297 
13.800000131130219 162.0 
13.850000131875277 158.0 
13.900000132620335 155.0 
13.950000133365393 153.3333282470703 
14.00000013411045 161.6666717529297 
14.050000134855509 149.6666717529297 
14.100000135600567 153.3333282470703 
14.150000136345625 157.3333282470703 
14.200000137090683 157.6666717529297 
14.250000137835741 157.3333282470703 
14.300000138580799 164.3333282470703 
14.350000139325857 153.3333282470703 
14.400000140070915 160.6666717529297 
14.450000140815973 158.0 
14.500000141561031 147.3333282470703 
14.55000014230609 153.0 
14.600000143051147 157.6666717529297 
14.650000143796206 166.0 
14.700000144541264 149.3333282470703 
14.750000145286322 152.0 
14.80000014603138 161.0 
14.850000146776438 171.6666717529297 
14.900000147521496 157.6666717529297 
14.950000148266554 148.3333282470703 
15.000000149011612 171.6666717529297 
15.05000014975667 156.3333282470703 
15.100000150501728 160.6666717529297 
15.150000151246786 147.3333282470703 
15.200000151991844 160.3333282470703 
15.250000152736902 171.6666717529297 
15.30000015348196 151.0 
15.350000154227018 162.3333282470703 
15.400000154972076 162.6666717529297 
15.450000155717134 155.6666717529297 
15.500000156462193 170.0 
15.55000015720725 160.3333282470703 
15.600000157952309 173.3333282470703 
15.650000158697367 160.0 
15.700000159442425 153.6666717529297 
15.750000160187483 163.6666717529297 
15.800000160932541 177.6666717529297 
15.850000161677599 162.0 
15.900000162422657 163.0 
15.950000163167715 169.0 
16.000000163912773 166.3333282470703 
16.05000016465783 167.0 
16.10000016540289 162.3333282470703 
16.150000166147947 148.6666717529297 
16.200000166893005 170.3333282470703 
16.250000167638063 172.3333282470703 
16.30000016838312 175.0 
16.35000016912818 188.6666717529297 
16.400000169873238 181.0 
16.450000170618296 166.6666717529297 
16.500000171363354 189.6666717529297 
16.550000172108412 164.3333282470703 
16.60000017285347 187.6666717529297 
16.650000173598528 179.0 
16.700000174343586 190.6666717529297 
16.750000175088644 178.3333282470703 
16.800000175833702 165.3333282470703 
16.85000017657876 166.3333282470703 
16.900000177323818 178.3333282470703 
16.950000178068876 197.0 
17.000000178813934 180.6666717529297 
17.050000179558992 189.3333282470703 
17.10000018030405 188.3333282470703 
17.15000018104911 196.3333282470703 
17.200000181794167 181.6666717529297 
17.250000182539225 187.0 
17.300000183284283 190.0 
17.35000018402934 200.0 
17.4000001847744 188.3333282470703 
17.450000185519457 190.3333282470703 
17.500000186264515 196.3333282470703 
17.550000187009573 196.6666717529297 
17.60000018775463 191.3333282470703 
17.65000018849969 196.0 
17.700000189244747 198.0 
17.750000189989805 202.6666717529297 
17.800000190734863 215.3333282470703 
17.85000019147992 204.6666717529297 
17.90000019222498 203.6666717529297 
17.950000192970037 198.6666717529297 
18.000000193715096 216.6666717529297 
18.050000194460154 208.0 
18.10000019520521 216.6666717529297 
18.15000019595027 208.3333282470703 
18.200000196695328 212.0 
18.250000197440386 228.3333282470703 
18.300000198185444 218.6666717529297 
18.350000198930502 221.0 
18.40000019967556 218.0 
18.450000200420618 228.0 
18.500000201165676 229.6666717529297 
18.550000201910734 221.3333282470703 
18.600000202655792 229.0 
18.65000020340085 224.0 
18.70000020414591 247.6666717529297 
18.750000204890966 230.3333282470703 
18.800000205636024 249.6666717529297 
18.850000206381083 257.0 
18.90000020712614 255.6666717529297 
18.9500002078712 238.3333282470703 
19.000000208616257 227.0 
19.050000209361315 237.6666717529297 
19.100000210106373 231.6666717529297 
19.15000021085143 250.3333282470703 
19.20000021159649 252.6666717529297 
19.250000212341547 264.0 
19.300000213086605 278.0 
19.350000213831663 268.0 
19.40000021457672 263.3333435058594 
19.45000021532178 277.6666564941406 
19.500000216066837 256.3333435058594 
19.550000216811895 266.3333435058594 
19.600000217556953 287.0 
19.65000021830201 265.6666564941406 
19.70000021904707 267.3333435058594 
19.750000219792128 273.6666564941406 
19.800000220537186 270.0 
19.850000221282244 265.3333435058594 
19.900000222027302 285.6666564941406 
19.95000022277236 286.0 
20.000000223517418 277.0 
20.050000224262476 295.3333435058594 
20.100000225007534 307.6666564941406 
20.150000225752592 278.0 
20.20000022649765 294.6666564941406 
20.250000227242708 299.6666564941406 
20.300000227987766 306.6666564941406 
20.350000228732824 301.0 
20.400000229477882 293.6666564941406 
20.45000023022294 308.3333435058594 
20.500000230968 299.6666564941406 
20.550000231713057 295.6666564941406 
20.600000232458115 293.6666564941406 
20.650000233203173 311.0 
20.70000023394823 302.6666564941406 
20.75000023469329 328.3333435058594 
20.800000235438347 310.3333435058594 
20.850000236183405 305.6666564941406 
20.900000236928463 330.0 
20.95000023767352 323.6666564941406 
21.00000023841858 315.3333435058594 
21.050000239163637 319.0 
21.100000239908695 309.3333435058594 
21.150000240653753 323.0 
21.20000024139881 321.6666564941406 
21.25000024214387 323.3333435058594 
21.300000242888927 325.3333435058594 
21.350000243633986 324.0 
21.400000244379044 315.3333435058594 
21.4500002451241 310.0 
21.50000024586916 332.0 
21.550000246614218 318.3333435058594 
21.600000247359276 332.3333435058594 
21.650000248104334 326.6666564941406 
21.700000248849392 324.0 
21.75000024959445 318.3333435058594 
21.800000250339508 314.6666564941406 
21.850000251084566 338.3333435058594 
21.900000251829624 338.0 
21.950000252574682 322.0 
22.00000025331974 297.6666564941406 
22.0500002540648 322.6666564941406 
22.100000254809856 333.3333435058594 
22.150000255554914 324.6666564941406 
22.200000256299973 334.0 
22.25000025704503 332.6666564941406 
22.30000025779009 335.3333435058594 
22.350000258535147 316.3333435058594 
22.400000259280205 331.6666564941406 
22.450000260025263 320.0 
22.50000026077032 324.0 
22.55000026151538 315.3333435058594 
22.600000262260437 311.3333435058594 
22.650000263005495 314.3333435058594 
22.700000263750553 309.3333435058594 
22.75000026449561 317.0 
22.80000026524067 311.3333435058594 
22.850000265985727 314.3333435058594 
22.900000266730785 298.0 
22.950000267475843 316.0 
23.0000002682209 301.3333435058594 
23.05000026896596 307.3333435058594 
23.100000269711018 311.0 
23.150000270456076 296.3333435058594 
23.200000271201134 307.6666564941406 
23.250000271946192 308.0 
23.30000027269125 302.0 
23.350000273436308 294.3333435058594 
23.400000274181366 295.0 
23.450000274926424 290.0 
23.500000275671482 307.0 
23.55000027641654 303.6666564941406 
23.600000277161598 294.3333435058594 
23.650000277906656 301.3333435058594 
23.700000278651714 293.3333435058594 
23.750000279396772 289.0 
23.80000028014183 299.6666564941406 
23.85000028088689 286.3333435058594 
23.900000281631947 281.6666564941406 
23.950000282377005 286.0 
24.000000283122063 298.6666564941406 
24.05000028386712 286.6666564941406 
24.10000028461218 261.3333435058594 
24.150000285357237 268.3333435058594 
24.200000286102295 283.6666564941406 
24.250000286847353 277.6666564941406 
24.30000028759241 277.6666564941406 
24.35000028833747 267.6666564941406 
24.400000289082527 273.6666564941406 
24.450000289827585 275.3333435058594 
24.500000290572643 259.3333435058594 
24.5500002913177 269.0 
24.60000029206276 278.6666564941406 
24.650000292807817 274.0 
24.700000293552876 266.0 
24.750000294297934 264.6666564941406 
24.80000029504299 274.6666564941406 
24.85000029578805 267.3333435058594 
24.900000296533108 269.3333435058594 
24.950000297278166 270.3333435058594 
25.000000298023224 271.3333435058594 
25.050000298768282 261.6666564941406 
25.10000029951334 251.0 
25.150000300258398 254.3333282470703 
25.200000301003456 259.3333435058594 
25.250000301748514 255.3333282470703 
25.300000302493572 245.6666717529297 
25.35000030323863 243.6666717529297 
25.40000030398369 257.0 
25.450000304728746 249.6666717529297 
25.500000305473804 267.0 
25.550000306218863 246.0 
25.60000030696392 247.0 
25.65000030770898 252.6666717529297 
25.700000308454037 249.6666717529297 
25.750000309199095 245.3333282470703 
25.800000309944153 243.6666717529297 
25.85000031068921 228.0 
25.90000031143427 235.3333282470703 
25.950000312179327 233.6666717529297 
26.000000312924385 245.6666717529297 
26.050000313669443 235.6666717529297 
26.1000003144145 242.0 
26.15000031515956 242.0 
26.200000315904617 240.6666717529297 
26.250000316649675 222.3333282470703 
26.300000317394733 238.0 
26.35000031813979 231.3333282470703 
26.40000031888485 248.0 
26.450000319629908 228.0 
26.500000320374966 231.3333282470703 
26.550000321120024 224.6666717529297 
26.600000321865082 224.0 
26.65000032261014 220.6666717529297 
26.700000323355198 230.3333282470703 
26.750000324100256 224.0 
26.800000324845314 218.0 
26.850000325590372 217.0 
26.90000032633543 228.3333282470703 
26.950000327080488 215.3333282470703 
27.000000327825546 228.0 
27.050000328570604 206.3333282470703 
27.100000329315662 205.3333282470703 
27.15000033006072 225.0 
27.20000033080578 215.6666717529297 
27.250000331550837 226.6666717529297 
27.300000332295895 210.0 
27.350000333040953 210.0 
27.40000033378601 232.3333282470703 
27.45000033453107 222.0 
27.500000335276127 222.0 
27.550000336021185 214.3333282470703 
27.600000336766243 217.0 
27.6500003375113 228.6666717529297 
27.70000033825636 219.6666717529297 
27.750000339001417 214.0 
27.800000339746475 205.0 
27.850000340491533 221.3333282470703 
27.90000034123659 200.3333282470703 
27.95000034198165 216.0 
28.000000342726707 220.6666717529297 
28.050000343471766 200.6666717529297 
28.100000344216824 212.6666717529297 
28.15000034496188 216.0 
28.20000034570694 219.6666717529297 
28.250000346451998 207.6666717529297 
28.300000347197056 212.3333282470703 
28.350000347942114 201.3333282470703 
28.400000348687172 203.6666717529297 
28.45000034943223 194.3333282470703 
28.500000350177288 202.6666717529297 
28.550000350922346 214.3333282470703 
28.600000351667404 199.0 
28.650000352412462 215.0 
28.70000035315752 181.0 
28.75000035390258 205.0 
28.800000354647636 209.3333282470703 
28.850000355392694 197.6666717529297 
28.900000356137753 200.3333282470703 
28.95000035688281 199.3333282470703 
29.00000035762787 194.0 
29.050000358372927 208.0 
29.100000359117985 209.3333282470703 
29.150000359863043 191.0 
29.2000003606081 202.3333282470703 
29.25000036135316 190.0 
29.300000362098217 201.6666717529297 
29.350000362843275 200.3333282470703 
29.400000363588333 191.3333282470703 
29.45000036433339 193.3333282470703 
29.50000036507845 185.3333282470703 
29.550000365823507 195.6666717529297 
29.600000366568565 195.6666717529297 
29.650000367313623 197.6666717529297 
29.70000036805868 193.3333282470703 
29.75000036880374 198.6666717529297 
29.800000369548798 196.6666717529297 
29.850000370293856 201.6666717529297 
29.900000371038914 202.0 
29.950000371783972 202.3333282470703 
30.00000037252903 180.6666717529297 
30.050000373274088 197.0 
30.100000374019146 195.6666717529297 
30.150000374764204 190.0 
30.200000375509262 201.6666717529297 
30.25000037625432 182.6666717529297 
30.300000376999378 182.6666717529297 
30.350000377744436 196.3333282470703 
30.400000378489494 176.0 
30.450000379234552 197.3333282470703 
30.50000037997961 187.6666717529297 
30.55000038072467 183.6666717529297 
30.600000381469727 185.3333282470703 
30.650000382214785 192.6666717529297 
30.700000382959843 197.3333282470703 
30.7500003837049 189.0 
30.80000038444996 199.3333282470703 
30.850000385195017 189.6666717529297 
30.900000385940075 205.6666717529297 
30.950000386685133 189.0 
31.00000038743019 186.6666717529297 
31.05000038817525 203.0 
31.100000388920307 180.0 
31.150000389665365 181.3333282470703 
31.200000390410423 182.6666717529297 
31.25000039115548 196.0 
31.30000039190054 183.6666717529297 
31.350000392645597 176.6666717529297 
31.400000393390656 183.0 
31.450000394135714 194.3333282470703 
31.50000039488077 188.0 
31.55000039562583 171.3333282470703 
31.600000396370888 192.3333282470703 
31.650000397115946 184.6666717529297 
31.700000397861004 188.3333282470703 
31.750000398606062 185.6666717529297 
31.80000039935112 172.6666717529297 
31.850000400096178 172.6666717529297 
31.900000400841236 189.0 
31.950000401586294 181.0 
32.00000040233135 176.6666717529297 
32.05000040307641 195.6666717529297 
32.10000040382147 202.3333282470703 
32.150000404566526 186.3333282470703 
32.200000405311584 184.0 
32.25000040605664 187.0 
32.3000004068017 184.6666717529297 
32.35000040754676 191.3333282470703 
32.40000040829182 199.0 
32.450000409036875 179.3333282470703 
32.50000040978193 186.3333282470703 
32.55000041052699 175.6666717529297 
32.60000041127205 170.6666717529297 
32.65000041201711 189.0 
32.700000412762165 185.0 
32.75000041350722 188.3333282470703 
32.80000041425228 186.3333282470703 
32.85000041499734 185.6666717529297 
32.9000004157424 167.6666717529297 
32.950000416487455 174.0 
33.00000041723251 185.6666717529297 
33.05000041797757 173.3333282470703 
33.10000041872263 181.0 
33.15000041946769 180.6666717529297 
33.200000420212746 182.0 
33.250000420957804 183.3333282470703 
33.30000042170286 193.0 
33.35000042244792 183.0 
33.40000042319298 178.0 
33.450000423938036 179.6666717529297 
33.500000424683094 187.0 
33.55000042542815 177.0 
33.60000042617321 176.6666717529297 
33.65000042691827 162.0 
33.700000427663326 196.0 
33.750000428408384 183.6666717529297 
33.80000042915344 156.3333282470703 
33.8500004298985 192.3333282470703 
33.90000043064356 182.6666717529297 
33.95000043138862 185.3333282470703 
34.000000432133675 167.6666717529297 
34.05000043287873 173.0 
34.10000043362379 169.6666717529297 
34.15000043436885 180.0 
34.20000043511391 180.6666717529297 
34.250000435858965 173.3333282470703 
34.30000043660402 182.6666717529297 
34.35000043734908 174.0 
34.40000043809414 169.6666717529297 
34.4500004388392 184.6666717529297 
34.500000439584255 175.6666717529297 
34.55000044032931 167.3333282470703 
34.60000044107437 181.3333282470703 
34.65000044181943 191.3333282470703 
34.70000044256449 173.6666717529297 
34.750000443309546 166.0 
34.800000444054604 176.3333282470703 
34.85000044479966 181.3333282470703 
34.90000044554472 178.0 
34.95000044628978 169.6666717529297 
35.000000447034836 169.6666717529297 
35.050000447779894 175.3333282470703 
35.10000044852495 184.6666717529297 
35.15000044927001 162.3333282470703 
35.20000045001507 167.0 
35.250000450760126 174.3333282470703 
35.300000451505184 167.6666717529297 
35.35000045225024 181.6666717529297 
35.4000004529953 163.3333282470703 
35.45000045374036 179.3333282470703 
35.500000454485416 168.0 
35.550000455230474 166.6666717529297 
35.60000045597553 158.0 
35.65000045672059 156.6666717529297 
35.70000045746565 154.0 
35.75000045821071 177.0 
35.800000458955765 167.3333282470703 
35.85000045970082 170.6666717529297 
35.90000046044588 164.6666717529297 
35.95000046119094 179.3333282470703 
36.000000461936 174.0 
36.050000462681055 162.6666717529297 
36.10000046342611 167.0 
36.15000046417117 155.0 
36.20000046491623 185.6666717529297 
36.25000046566129 175.6666717529297 
36.300000466406345 184.0 
36.3500004671514 170.0 
36.40000046789646 163.0 
36.45000046864152 172.3333282470703 
36.50000046938658 167.3333282470703 
36.550000470131636 171.6666717529297 
36.600000470876694 182.3333282470703 
36.65000047162175 153.0 
36.70000047236681 157.3333282470703 
36.75000047311187 172.3333282470703 
36.800000473856926 167.3333282470703 
36.850000474601984 165.0 
36.90000047534704 167.0 
36.9500004760921 170.0 
37.00000047683716 175.3333282470703 
37.050000477582216 160.3333282470703 
37.100000478327274 161.3333282470703 
37.15000047907233 155.6666717529297 
37.20000047981739 166.3333282470703 
37.25000048056245 170.6666717529297 
37.30000048130751 172.0 
37.350000482052565 165.0 
37.40000048279762 155.0 
37.45000048354268 167.6666717529297 
37.50000048428774 158.3333282470703 
37.5500004850328 157.6666717529297 
37.600000485777855 154.3333282470703 
37.65000048652291 156.3333282470703 
37.70000048726797 158.3333282470703 
37.75000048801303 174.3333282470703 
37.80000048875809 167.3333282470703 
37.850000489503145 166.0 
37.9000004902482 160.3333282470703 
37.95000049099326 164.3333282470703 
38.00000049173832 159.6666717529297 
38.05000049248338 154.0 
38.100000493228436 164.6666717529297 
38.150000493973494 151.0 
38.20000049471855 150.0 
38.25000049546361 162.6666717529297 
38.30000049620867 151.0 
38.350000496953726 154.0 
38.400000497698784 152.6666717529297 
38.45000049844384 156.3333282470703 
38.5000004991889 149.3333282470703 
38.55000049993396 155.3333282470703 
38.600000500679016 177.3333282470703 
38.650000501424074 158.3333282470703 
38.70000050216913 158.0 
38.75000050291419 152.0 
38.80000050365925 151.3333282470703 
38.850000504404306 145.0 
38.900000505149364 154.6666717529297 
38.95000050589442 153.0 
39.00000050663948 157.6666717529297 
39.05000050738454 154.0 
39.1000005081296 140.0 
39.150000508874655 148.6666717529297 
39.20000050961971 155.6666717529297 
39.25000051036477 152.6666717529297 
39.30000051110983 156.3333282470703 
39.35000051185489 149.6666717529297 
39.400000512599945 146.3333282470703 
39.450000513345 142.3333282470703 
39.50000051409006 162.3333282470703 
39.55000051483512 148.0 
39.60000051558018 134.3333282470703 
39.650000516325235 158.6666717529297 
39.70000051707029 151.0 
39.75000051781535 146.3333282470703 
39.80000051856041 151.3333282470703 
39.85000051930547 160.0 
39.900000520050526 154.0 
39.950000520795584 157.0 
40.00000052154064 149.0 
40.0500005222857 145.6666717529297 
40.10000052303076 150.3333282470703 
40.150000523775816 154.3333282470703 
40.200000524520874 145.3333282470703 
40.25000052526593 149.6666717529297 
40.30000052601099 143.3333282470703 
40.35000052675605 159.3333282470703 
40.400000527501106 152.3333282470703 
40.450000528246164 134.3333282470703 
40.50000052899122 129.6666717529297 
40.55000052973628 151.0 
40.60000053048134 141.0 
40.6500005312264 147.6666717529297 
40.700000531971455 144.0 
40.75000053271651 142.0 
40.80000053346157 138.0 
40.85000053420663 149.3333282470703 
40.90000053495169 140.3333282470703 
40.950000535696745 144.3333282470703 
41.0000005364418 146.6666717529297 
41.05000053718686 132.3333282470703 
41.10000053793192 138.0 
41.15000053867698 138.3333282470703 
41.200000539422035 151.0 
41.25000054016709 147.0 
41.30000054091215 149.3333282470703 
41.35000054165721 136.6666717529297 
41.40000054240227 141.3333282470703 
41.450000543147326 147.3333282470703 
41.500000543892384 136.6666717529297 
41.55000054463744 138.0 
41.6000005453825 149.0 
41.65000054612756 135.0 
41.700000546872616 145.0 
41.750000547617674 146.3333282470703 
41.80000054836273 154.3333282470703 
41.85000054910779 145.6666717529297 
41.90000054985285 138.0 
41.950000550597906 157.6666717529297 
42.000000551342964 147.0 
42.05000055208802 131.3333282470703 
42.10000055283308 131.3333282470703 
42.15000055357814 135.6666717529297 
42.200000554323196 150.3333282470703 
42.250000555068254 164.3333282470703 
42.30000055581331 142.3333282470703 
42.35000055655837 152.6666717529297 
42.40000055730343 139.6666717529297 
42.45000055804849 140.0 
42.500000558793545 143.6666717529297 
42.5500005595386 155.0 
42.60000056028366 151.0 
42.65000056102872 151.3333282470703 
42.70000056177378 153.6666717529297 
42.750000562518835 149.3333282470703 
42.80000056326389 155.3333282470703 
42.85000056400895 149.0 
42.90000056475401 146.0 
42.95000056549907 146.0 
43.000000566244125 153.3333282470703 
43.05000056698918 138.3333282470703 
43.10000056773424 138.6666717529297 
43.1500005684793 145.3333282470703 
43.20000056922436 137.3333282470703 
43.250000569969416 154.0 
43.300000570714474 146.3333282470703 
43.35000057145953 133.0 
43.40000057220459 156.0 
43.45000057294965 160.3333282470703 
43.500000573694706 152.0 
43.550000574439764 150.6666717529297 
43.60000057518482 136.0 
43.65000057592988 144.3333282470703 
43.70000057667494 145.6666717529297 
43.750000577419996 150.6666717529297 
43.800000578165054 145.6666717529297 
43.85000057891011 139.6666717529297 
43.90000057965517 148.0 
43.95000058040023 142.3333282470703 
44.00000058114529 152.0 
44.050000581890345 150.0 
44.1000005826354 155.6666717529297 
44.15000058338046 137.6666717529297 
44.20000058412552 131.3333282470703 
44.25000058487058 144.3333282470703 
44.300000585615635 135.6666717529297 
44.35000058636069 137.0 
44.40000058710575 151.3333282470703 
44.45000058785081 152.3333282470703 
44.50000058859587 149.6666717529297 
44.550000589340925 147.0 
44.60000059008598 148.3333282470703 
44.65000059083104 147.0 
44.7000005915761 143.6666717529297 
44.75000059232116 136.6666717529297 
44.800000593066216 151.6666717529297 
44.850000593811274 152.0 
44.90000059455633 161.3333282470703 
44.95000059530139 137.6666717529297 
45.00000059604645 153.6666717529297 
45.050000596791506 149.0 
45.100000597536564 134.6666717529297 
45.15000059828162 145.0 
45.20000059902668 157.0 
45.25000059977174 137.6666717529297 
45.300000600516796 150.6666717529297 
45.350000601261854 154.6666717529297 
45.40000060200691 139.6666717529297 
45.45000060275197 156.0 
45.50000060349703 159.0 
45.550000604242086 150.3333282470703 
45.600000604987144 152.6666717529297 
45.6500006057322 141.0 
45.70000060647726 160.0 
45.75000060722232 145.3333282470703 
45.80000060796738 138.3333282470703 
45.850000608712435 150.3333282470703 
45.90000060945749 150.0 
45.95000061020255 151.0 
46.00000061094761 143.0 
46.05000061169267 152.3333282470703 
46.100000612437725 137.6666717529297 
46.15000061318278 147.3333282470703 
46.20000061392784 162.0 
46.2500006146729 150.0 
46.30000061541796 156.3333282470703 
46.350000616163015 145.6666717529297 
46.40000061690807 169.0 
46.45000061765313 142.3333282470703 
46.50000061839819 158.3333282470703 
46.55000061914325 155.6666717529297 
46.600000619888306 155.6666717529297 
46.650000620633364 135.6666717529297 
46.70000062137842 142.3333282470703 
46.75000062212348 152.0 
46.80000062286854 127.66666412353516 
46.850000623613596 137.6666717529297 
46.900000624358654 148.3333282470703 
46.95000062510371 142.0 
47.00000062584877 160.3333282470703 
47.05000062659383 143.6666717529297 
47.100000627338886 136.0 
47.150000628083944 146.3333282470703 
47.200000628829 153.3333282470703 
47.25000062957406 140.6666717529297 
47.30000063031912 151.3333282470703 
47.35000063106418 142.6666717529297 
47.400000631809235 138.0 
47.45000063255429 144.3333282470703 
47.50000063329935 140.6666717529297 
47.55000063404441 143.6666717529297 
47.60000063478947 139.3333282470703 
47.650000635534525 147.6666717529297 
47.70000063627958 147.0 
47.75000063702464 135.3333282470703 
47.8000006377697 143.3333282470703 
47.85000063851476 142.3333282470703 
47.900000639259815 155.6666717529297 
47.95000064000487 149.3333282470703 
48.00000064074993 146.3333282470703 
48.05000064149499 145.6666717529297 
48.10000064224005 146.3333282470703 
48.150000642985106 157.0 
48.200000643730164 137.6666717529297 
48.25000064447522 147.3333282470703 
48.30000064522028 154.0 
48.35000064596534 139.3333282470703 
48.400000646710396 149.0 
48.450000647455454 133.3333282470703 
48.50000064820051 138.3333282470703 
48.55000064894557 139.6666717529297 
48.60000064969063 157.6666717529297 
48.650000650435686 150.3333282470703 
48.700000651180744 145.3333282470703 
48.7500006519258 140.0 
48.80000065267086 152.6666717529297 
48.85000065341592 151.3333282470703 
48.900000654160976 146.6666717529297 
48.950000654906034 142.3333282470703 
49.00000065565109 148.0 
49.05000065639615 138.6666717529297 
49.10000065714121 139.6666717529297 
49.15000065788627 143.3333282470703 
49.200000658631325 149.6666717529297 
49.25000065937638 144.3333282470703 
49.30000066012144 153.6666717529297 
49.3500006608665 143.6666717529297 
49.40000066161156 145.3333282470703 
49.450000662356615 151.6666717529297 
49.50000066310167 151.3333282470703 
49.55000066384673 152.0 
49.60000066459179 143.0 
49.65000066533685 132.3333282470703 
49.700000666081905 151.0 
49.75000066682696 158.6666717529297 
49.80000066757202 150.0 
49.85000066831708 135.3333282470703 
49.90000066906214 155.6666717529297 
49.950000669807196 142.0 
50.000000670552254 148.0 
50.05000067129731 142.3333282470703 
50.10000067204237 139.3333282470703 
50.15000067278743 141.6666717529297 
50.200000673532486 153.3333282470703 
50.250000674277544 143.3333282470703 
50.3000006750226 138.6666717529297 
50.35000067576766 148.3333282470703 
50.40000067651272 141.3333282470703 
50.450000677257776 146.0 
50.500000678002834 143.0 
50.55000067874789 138.3333282470703 
50.60000067949295 150.3333282470703 
50.65000068023801 143.0 
50.70000068098307 140.3333282470703 
50.750000681728125 150.3333282470703 
50.80000068247318 157.6666717529297 
50.85000068321824 141.0 
50.9000006839633 150.0 
50.95000068470836 147.6666717529297 
51.000000685453415 146.3333282470703 
51.05000068619847 143.0 
51.10000068694353 150.6666717529297 
51.15000068768859 141.3333282470703 
51.20000068843365 153.0 
51.250000689178705 135.3333282470703 
51.30000068992376 158.6666717529297 
51.35000069066882 133.0 
51.40000069141388 137.3333282470703 
51.45000069215894 140.6666717529297 
51.500000692903996 138.6666717529297 
51.550000693649054 132.0 
51.60000069439411 143.3333282470703 
51.65000069513917 148.3333282470703 
51.70000069588423 141.0 
51.750000696629286 158.6666717529297 
51.800000697374344 144.3333282470703 
51.8500006981194 156.3333282470703 
51.90000069886446 152.6666717529297 
51.95000069960952 143.6666717529297 
52.000000700354576 150.0 
52.050000701099634 147.3333282470703 
52.10000070184469 144.6666717529297 
52.15000070258975 132.3333282470703 
52.20000070333481 142.0 
52.250000704079866 144.3333282470703 
52.300000704824924 134.6666717529297 
52.35000070556998 153.3333282470703 
52.40000070631504 153.0 
52.4500007070601 148.6666717529297 
52.50000070780516 150.0 
52.550000708550215 138.6666717529297 
52.60000070929527 143.3333282470703 
52.65000071004033 145.0 
52.70000071078539 140.0 
52.75000071153045 147.6666717529297 
52.800000712275505 138.0 
52.85000071302056 151.3333282470703 
52.90000071376562 140.0 
52.95000071451068 147.3333282470703 
53.00000071525574 142.3333282470703 
53.050000716000795 142.6666717529297 
53.10000071674585 147.6666717529297 
53.15000071749091 153.6666717529297 
53.20000071823597 151.0 
53.25000071898103 155.0 
53.300000719726086 153.6666717529297 
53.350000720471144 150.6666717529297 
53.4000007212162 154.0 
53.45000072196126 157.6666717529297 
53.50000072270632 152.3333282470703 
53.550000723451376 142.6666717529297 
53.600000724196434 146.3333282470703 
53.65000072494149 148.0 
53.70000072568655 151.0 
53.75000072643161 140.3333282470703 
53.800000727176666 143.3333282470703 
53.850000727921724 136.6666717529297 
53.90000072866678 153.3333282470703 
53.95000072941184 156.0 
54.0000007301569 167.3333282470703 
54.05000073090196 156.3333282470703 
54.100000731647015 153.6666717529297 
54.15000073239207 151.0 
54.20000073313713 143.0 
54.25000073388219 154.6666717529297 
54.30000073462725 137.0 
54.350000735372305 141.3333282470703 
54.40000073611736 143.6666717529297 
54.45000073686242 157.0 
54.50000073760748 141.0 
54.55000073835254 159.3333282470703 
54.600000739097595 152.0 
54.65000073984265 146.6666717529297 
54.70000074058771 151.0 
54.75000074133277 149.0 
54.80000074207783 147.0 
54.850000742822886 145.6666717529297 
54.900000743567944 155.3333282470703 
54.950000744313 168.3333282470703 
55.00000074505806 143.0 
55.05000074580312 150.0 
55.100000746548176 136.6666717529297 
55.150000747293234 147.3333282470703 
55.20000074803829 163.0 
55.25000074878335 152.6666717529297 
55.30000074952841 138.6666717529297 
55.350000750273466 146.6666717529297 
55.400000751018524 158.3333282470703 
55.45000075176358 131.3333282470703 
55.50000075250864 157.6666717529297 
55.5500007532537 134.6666717529297 
55.600000753998756 144.0 
55.650000754743814 155.0 
55.70000075548887 144.3333282470703 
55.75000075623393 142.3333282470703 
55.80000075697899 159.6666717529297 
55.85000075772405 148.0 
55.900000758469105 150.3333282470703 
55.95000075921416 162.6666717529297 
56.00000075995922 156.0 
56.05000076070428 160.3333282470703 
56.10000076144934 161.3333282470703 
56.150000762194395 153.6666717529297 
56.20000076293945 151.3333282470703 
56.25000076368451 151.6666717529297 
56.30000076442957 152.0 
56.35000076517463 163.3333282470703 
56.400000765919685 156.3333282470703 
56.45000076666474 153.6666717529297 
56.5000007674098 155.0 
56.55000076815486 152.0 
56.60000076889992 147.0 
56.650000769644976 151.0 
56.700000770390034 154.0 
56.75000077113509 161.3333282470703 
56.80000077188015 153.0 
56.85000077262521 154.3333282470703 
56.900000773370266 152.6666717529297 
56.950000774115324 157.3333282470703 
57.00000077486038 152.6666717529297 
57.05000077560544 170.6666717529297 
57.1000007763505 157.6666717529297 
57.150000777095556 163.3333282470703 
57.200000777840614 142.3333282470703 
57.25000077858567 143.3333282470703 
57.30000077933073 160.6666717529297 
57.35000078007579 164.6666717529297 
57.40000078082085 164.6666717529297 
57.450000781565905 151.3333282470703 
57.50000078231096 166.6666717529297 
57.55000078305602 149.0 
57.60000078380108 155.3333282470703 
57.65000078454614 157.3333282470703 
57.700000785291195 154.0 
57.75000078603625 152.6666717529297 
57.80000078678131 153.6666717529297 
57.85000078752637 155.0 
57.90000078827143 151.3333282470703 
57.950000789016485 152.3333282470703 
58.00000078976154 159.0 
58.0500007905066 165.0 
58.10000079125166 152.3333282470703 
58.15000079199672 144.6666717529297 
58.200000792741776 154.0 
58.250000793486834 161.3333282470703 
58.30000079423189 163.3333282470703 
58.35000079497695 145.3333282470703 
58.40000079572201 154.0 
58.450000796467066 161.6666717529297 
58.500000797212124 155.0 
58.55000079795718 161.6666717529297 
58.60000079870224 170.6666717529297 
58.6500007994473 154.3333282470703 
58.700000800192356 158.0 
58.750000800937414 150.0 
58.80000080168247 154.0 
58.85000080242753 168.0 
58.90000080317259 153.3333282470703 
58.950000803917646 159.3333282470703 
59.000000804662704 173.0 
59.05000080540776 165.6666717529297 
59.10000080615282 143.3333282470703 
59.15000080689788 159.0 
59.20000080764294 163.0 
59.250000808387995 150.0 
59.30000080913305 167.0 
59.35000080987811 165.6666717529297 
59.40000081062317 165.3333282470703 
59.45000081136823 151.3333282470703 
59.500000812113285 167.6666717529297 
59.55000081285834 176.0 
59.6000008136034 154.6666717529297 
59.65000081434846 159.0 
59.70000081509352 162.6666717529297 
59.750000815838575 160.6666717529297 
59.80000081658363 167.0 
59.85000081732869 170.6666717529297 
59.90000081807375 156.0 
59.95000081881881 147.6666717529297 
60.000000819563866 157.6666717529297 
60.050000820308924 163.3333282470703 
60.10000082105398 171.6666717529297 
60.15000082179904 171.0 
60.2000008225441 158.0 
60.250000823289156 163.6666717529297 
60.300000824034214 157.0 
60.35000082477927 151.3333282470703 
60.40000082552433 148.0 
60.45000082626939 168.6666717529297 
60.500000827014446 165.3333282470703 
60.550000827759504 161.3333282470703 
60.60000082850456 157.6666717529297 
60.65000082924962 164.0 
60.70000082999468 166.3333282470703 
60.75000083073974 157.6666717529297 
60.800000831484795 183.6666717529297 
60.85000083222985 168.6666717529297 
60.90000083297491 168.6666717529297 
60.95000083371997 173.3333282470703 
61.00000083446503 154.3333282470703 
61.050000835210085 170.0 
61.10000083595514 169.6666717529297 
61.1500008367002 161.3333282470703 
61.20000083744526 175.3333282470703 
61.25000083819032 157.3333282470703 
61.300000838935375 164.3333282470703 
61.35000083968043 162.3333282470703 
61.40000084042549 170.0 
61.45000084117055 170.3333282470703 
61.50000084191561 179.6666717529297 
61.550000842660666 168.6666717529297 
61.600000843405724 181.6666717529297 
61.65000084415078 169.3333282470703 
61.70000084489584 170.6666717529297 
61.7500008456409 169.6666717529297 
61.800000846385956 179.0 
61.850000847131014 155.0 
61.90000084787607 170.6666717529297 
61.95000084862113 181.6666717529297 
62.00000084936619 167.0 
62.050000850111246 174.0 
62.100000850856304 162.6666717529297 
62.15000085160136 168.6666717529297 
62.20000085234642 159.0 
62.25000085309148 178.3333282470703 
62.300000853836536 166.6666717529297 
62.350000854581594 175.3333282470703 
62.40000085532665 180.3333282470703 
62.45000085607171 168.0 
62.50000085681677 156.3333282470703 
62.55000085756183 161.6666717529297 
62.600000858306885 166.3333282470703 
62.65000085905194 169.6666717529297 
62.700000859797 163.0 
62.75000086054206 171.0 
62.80000086128712 172.0 
62.850000862032175 168.3333282470703 
62.90000086277723 170.3333282470703 
62.95000086352229 168.6666717529297 
63.00000086426735 178.3333282470703 
63.05000086501241 170.0 
63.100000865757465 168.6666717529297 
63.15000086650252 167.3333282470703 
63.20000086724758 175.0 
63.25000086799264 164.3333282470703 
63.3000008687377 185.0 
63.350000869482756 181.3333282470703 
63.400000870227814 174.0 
63.45000087097287 169.0 
63.50000087171793 164.6666717529297 
63.55000087246299 180.3333282470703 
63.600000873208046 173.6666717529297 
63.650000873953104 160.6666717529297 
63.70000087469816 178.3333282470703 
63.75000087544322 158.6666717529297 
63.80000087618828 191.0 
63.850000876933336 179.0 
63.900000877678394 181.3333282470703 
63.95000087842345 176.6666717529297 
64.00000087916851 178.0 
64.05000087991357 171.0 
64.10000088065863 170.6666717529297 
64.15000088140368 173.6666717529297 
64.20000088214874 176.6666717529297 
64.2500008828938 162.6666717529297 
64.30000088363886 178.0 
64.35000088438392 164.3333282470703 
64.40000088512897 181.3333282470703 
64.45000088587403 155.0 
64.50000088661909 175.0 
64.55000088736415 176.3333282470703 
64.60000088810921 179.0 
64.65000088885427 180.6666717529297 
64.70000088959932 158.3333282470703 
64.75000089034438 170.0 
64.80000089108944 172.3333282470703 
64.8500008918345 172.3333282470703 
64.90000089257956 167.6666717529297 
64.95000089332461 176.3333282470703 
65.00000089406967 169.3333282470703 
65.05000089481473 175.3333282470703 
65.10000089555979 178.0 
65.15000089630485 170.0 
65.2000008970499 179.6666717529297 
65.25000089779496 163.6666717529297 
65.30000089854002 165.6666717529297 
65.35000089928508 176.6666717529297 
65.40000090003014 182.6666717529297 
65.4500009007752 162.6666717529297 
65.50000090152025 169.6666717529297 
65.55000090226531 175.6666717529297 
65.60000090301037 181.6666717529297 
65.65000090375543 180.0 
65.70000090450048 177.0 
65.75000090524554 183.0 
65.8000009059906 170.0 
65.85000090673566 176.3333282470703 
65.90000090748072 179.0 
65.95000090822577 171.0 
66.00000090897083 174.3333282470703 
66.05000090971589 171.3333282470703 
66.10000091046095 174.3333282470703 
66.150000911206 174.0 
66.20000091195107 175.3333282470703 
66.25000091269612 168.6666717529297 
66.30000091344118 179.3333282470703 
66.35000091418624 163.3333282470703 
66.4000009149313 182.6666717529297 
66.45000091567636 157.3333282470703 
66.50000091642141 187.0 
66.55000091716647 181.3333282470703 
66.60000091791153 179.3333282470703 
66.65000091865659 178.0 
66.70000091940165 167.0 
66.7500009201467 180.0 
66.80000092089176 171.0 
66.85000092163682 176.0 
66.90000092238188 167.0 
66.95000092312694 180.0 
67.000000923872 183.0 
67.05000092461705 176.6666717529297 
67.10000092536211 178.0 
67.15000092610717 176.6666717529297 
67.20000092685223 181.3333282470703 
67.25000092759728 186.6666717529297 
67.30000092834234 177.0 
67.3500009290874 179.6666717529297 
67.40000092983246 174.0 
67.45000093057752 177.6666717529297 
67.50000093132257 169.3333282470703 
67.55000093206763 170.0 
67.60000093281269 165.3333282470703 
67.65000093355775 178.6666717529297 
67.7000009343028 181.3333282470703 
67.75000093504786 180.0 
67.80000093579292 160.3333282470703 
67.85000093653798 183.6666717529297 
67.90000093728304 184.3333282470703 
67.9500009380281 174.0 
68.00000093877316 168.0 
68.05000093951821 178.0 
68.10000094026327 175.0 
68.15000094100833 182.3333282470703 
68.20000094175339 166.3333282470703 
68.25000094249845 180.6666717529297 
68.3000009432435 174.0 
68.35000094398856 174.3333282470703 
68.40000094473362 177.6666717529297 
68.45000094547868 179.0 
68.50000094622374 177.3333282470703 
68.5500009469688 170.0 
68.60000094771385 183.3333282470703 
68.65000094845891 172.3333282470703 
68.70000094920397 164.3333282470703 
68.75000094994903 172.6666717529297 
68.80000095069408 180.6666717529297 
68.85000095143914 173.6666717529297 
68.9000009521842 178.6666717529297 
68.95000095292926 165.3333282470703 
69.00000095367432 173.3333282470703 
69.05000095441937 163.3333282470703 
69.10000095516443 176.6666717529297 
69.15000095590949 172.6666717529297 
69.20000095665455 161.0 
69.2500009573996 176.3333282470703 
69.30000095814466 182.0 
69.35000095888972 162.6666717529297 
69.40000095963478 167.0 
69.45000096037984 173.6666717529297 
69.5000009611249 189.6666717529297 
69.55000096186996 178.6666717529297 
69.60000096261501 173.0 
69.65000096336007 172.6666717529297 
69.70000096410513 177.3333282470703 
69.75000096485019 171.0 
69.80000096559525 170.6666717529297 
69.8500009663403 175.0 
69.90000096708536 176.3333282470703 
69.95000096783042 176.0 
70.00000096857548 192.6666717529297 
70.05000096932054 186.0 
70.1000009700656 176.6666717529297 
70.15000097081065 171.6666717529297 
70.20000097155571 177.0 
70.25000097230077 179.6666717529297 
70.30000097304583 175.6666717529297 
70.35000097379088 173.0 
70.40000097453594 171.0 
70.450000975281 183.3333282470703 
70.50000097602606 185.0 
70.55000097677112 169.0 
70.60000097751617 174.3333282470703 
70.65000097826123 177.3333282470703 
70.70000097900629 170.6666717529297 
70.75000097975135 188.6666717529297 
70.8000009804964 178.6666717529297 
70.85000098124146 176.0 
70.90000098198652 168.0 
70.95000098273158 175.6666717529297 
71.00000098347664 173.3333282470703 
71.0500009842217 182.6666717529297 
71.10000098496675 170.0 
71.15000098571181 176.0 
71.20000098645687 188.6666717529297 
71.25000098720193 165.6666717529297 
71.30000098794699 169.6666717529297 
71.35000098869205 171.3333282470703 
71.4000009894371 176.6666717529297 
71.45000099018216 182.0 
71.50000099092722 177.6666717529297 
71.55000099167228 175.3333282470703 
71.60000099241734 164.3333282470703 
71.6500009931624 184.0 
71.70000099390745 181.3333282470703 
71.75000099465251 189.0 
71.80000099539757 174.3333282470703 
71.85000099614263 182.6666717529297 
71.90000099688768 183.6666717529297 
71.95000099763274 179.3333282470703 
72.0000009983778 185.3333282470703 
72.05000099912286 175.3333282470703 
72.10000099986792 188.0 
72.15000100061297 181.3333282470703 
72.20000100135803 185.0 
72.25000100210309 172.3333282470703 
72.30000100284815 183.6666717529297 
72.3500010035932 156.3333282470703 
72.40000100433826 193.3333282470703 
72.45000100508332 169.6666717529297 
72.50000100582838 180.0 
72.55000100657344 176.0 
72.6000010073185 181.3333282470703 
72.65000100806355 177.3333282470703 
72.70000100880861 167.6666717529297 
72.75000100955367 178.3333282470703 
72.80000101029873 187.3333282470703 
72.85000101104379 165.3333282470703 
72.90000101178885 188.6666717529297 
72.9500010125339 170.0 
73.00000101327896 184.0 
73.05000101402402 185.0 
73.10000101476908 177.6666717529297 
73.15000101551414 183.6666717529297 
73.2000010162592 168.0 
73.25000101700425 169.6666717529297 
73.30000101774931 167.3333282470703 
73.35000101849437 173.0 
73.40000101923943 186.3333282470703 
73.45000101998448 180.3333282470703 
73.50000102072954 179.3333282470703 
73.5500010214746 179.3333282470703 
73.60000102221966 181.3333282470703 
73.65000102296472 172.6666717529297 
73.70000102370977 182.0 
73.75000102445483 176.3333282470703 
73.80000102519989 185.6666717529297 
73.85000102594495 187.3333282470703 
73.90000102669 192.0 
73.95000102743506 169.3333282470703 
74.00000102818012 186.0 
74.05000102892518 181.0 
74.10000102967024 171.0 
74.1500010304153 172.3333282470703 
74.20000103116035 180.0 
74.25000103190541 187.6666717529297 
74.30000103265047 174.6666717529297 
74.35000103339553 173.3333282470703 
74.40000103414059 182.6666717529297 
74.45000103488564 179.0 
74.5000010356307 184.0 
74.55000103637576 176.3333282470703 
74.60000103712082 185.6666717529297 
74.65000103786588 167.0 
74.70000103861094 170.0 
74.750001039356 177.0 
74.80000104010105 170.0 
74.85000104084611 172.0 
74.90000104159117 184.6666717529297 
74.95000104233623 175.6666717529297 
75.00000104308128 190.3333282470703 
75.05000104382634 181.3333282470703 
75.1000010445714 186.6666717529297 
75.15000104531646 173.0 
75.20000104606152 179.0 
75.25000104680657 178.6666717529297 
75.30000104755163 169.3333282470703 
75.35000104829669 177.6666717529297 
75.40000104904175 185.3333282470703 
75.4500010497868 187.0 
75.50000105053186 171.6666717529297 
75.55000105127692 178.0 
75.60000105202198 178.3333282470703 
75.65000105276704 171.0 
75.7000010535121 177.3333282470703 
75.75000105425715 174.6666717529297 
75.80000105500221 179.3333282470703 
75.85000105574727 188.0 
75.90000105649233 183.6666717529297 
75.95000105723739 178.6666717529297 
76.00000105798244 170.3333282470703 
76.0500010587275 180.3333282470703 
76.10000105947256 175.6666717529297 
76.15000106021762 175.3333282470703 
76.20000106096268 180.0 
76.25000106170774 166.6666717529297 
76.3000010624528 184.6666717529297 
76.35000106319785 187.6666717529297 
76.40000106394291 178.0 
76.45000106468797 186.6666717529297 
76.50000106543303 182.0 
76.55000106617808 179.6666717529297 
76.60000106692314 181.3333282470703 
76.6500010676682 184.0 
76.70000106841326 176.6666717529297 
76.75000106915832 179.6666717529297 
76.80000106990337 184.0 
76.85000107064843 188.0 
76.90000107139349 166.0 
76.95000107213855 187.3333282470703 
77.0000010728836 178.0 
77.05000107362866 187.6666717529297 
77.10000107437372 182.0 
77.15000107511878 182.3333282470703 
77.20000107586384 172.3333282470703 
77.2500010766089 187.6666717529297 
77.30000107735395 180.3333282470703 
77.35000107809901 178.3333282470703 
77.40000107884407 188.0 
77.45000107958913 178.3333282470703 
77.50000108033419 190.6666717529297 
77.55000108107924 178.0 
77.6000010818243 186.6666717529297 
77.65000108256936 186.3333282470703 
77.70000108331442 181.0 
77.75000108405948 180.3333282470703 
77.80000108480453 179.6666717529297 
77.8500010855496 176.3333282470703 
77.90000108629465 191.3333282470703 
77.95000108703971 179.0 
78.00000108778477 178.3333282470703 
78.05000108852983 181.6666717529297 
78.10000108927488 178.6666717529297 
78.15000109001994 160.6666717529297 
78.200001090765 179.6666717529297 
78.25000109151006 191.6666717529297 
78.30000109225512 176.3333282470703 
78.35000109300017 177.3333282470703 
78.40000109374523 177.0 
78.45000109449029 182.3333282470703 
78.50000109523535 177.0 
78.5500010959804 178.0 
78.60000109672546 185.3333282470703 
78.65000109747052 177.6666717529297 
78.70000109821558 175.6666717529297 
78.75000109896064 181.6666717529297 
78.8000010997057 172.0 
78.85000110045075 164.6666717529297 
78.90000110119581 188.6666717529297 
78.95000110194087 173.0 
79.00000110268593 175.3333282470703 
79.05000110343099 172.0 
79.10000110417604 181.0 
79.1500011049211 175.6666717529297 
79.20000110566616 185.3333282470703 
79.25000110641122 180.3333282470703 
79.30000110715628 171.6666717529297 
79.35000110790133 188.0 
79.40000110864639 169.6666717529297 
79.45000110939145 185.3333282470703 
79.50000111013651 184.3333282470703 
79.55000111088157 173.0 
79.60000111162663 187.6666717529297 
79.65000111237168 183.6666717529297 
79.70000111311674 180.3333282470703 
79.7500011138618 174.6666717529297 
79.80000111460686 177.3333282470703 
79.85000111535192 176.0 
79.90000111609697 171.6666717529297 
79.95000111684203 171.0 
80.00000111758709 166.6666717529297 
80.05000111833215 178.6666717529297 
80.1000011190772 176.3333282470703 
80.15000111982226 162.0 
80.20000112056732 178.0 
80.25000112131238 178.6666717529297 
80.30000112205744 172.3333282470703 
80.3500011228025 181.6666717529297 
80.40000112354755 170.6666717529297 
80.45000112429261 179.3333282470703 
80.50000112503767 177.3333282470703 
80.55000112578273 175.6666717529297 
80.60000112652779 176.6666717529297 
80.65000112727284 176.3333282470703 
80.7000011280179 171.0 
80.75000112876296 179.6666717529297 
80.80000112950802 181.6666717529297 
80.85000113025308 178.6666717529297 
80.90000113099813 176.6666717529297 
80.95000113174319 168.6666717529297 
81.00000113248825 170.0 
81.05000113323331 172.0 
81.10000113397837 175.0 
81.15000113472342 163.3333282470703 
81.20000113546848 171.3333282470703 
81.25000113621354 157.3333282470703 
81.3000011369586 169.3333282470703 
81.35000113770366 174.3333282470703 
81.40000113844872 167.6666717529297 
81.45000113919377 170.3333282470703 
81.50000113993883 172.6666717529297 
81.55000114068389 154.0 
81.60000114142895 171.0 
81.650001142174 167.6666717529297 
81.70000114291906 154.3333282470703 
81.75000114366412 161.6666717529297 
81.80000114440918 165.3333282470703 
81.85000114515424 177.0 
81.9000011458993 171.3333282470703 
81.95000114664435 160.6666717529297 
82.00000114738941 165.6666717529297 
82.05000114813447 174.6666717529297 
82.10000114887953 167.0 
82.15000114962459 163.6666717529297 
82.20000115036964 164.3333282470703 
82.2500011511147 172.3333282470703 
82.30000115185976 174.0 
82.35000115260482 163.6666717529297 
82.40000115334988 154.6666717529297 
82.45000115409493 154.6666717529297 
82.50000115483999 169.3333282470703 
82.55000115558505 158.6666717529297 
82.60000115633011 164.6666717529297 
82.65000115707517 161.6666717529297 
82.70000115782022 167.0 
82.75000115856528 156.3333282470703 
82.80000115931034 157.3333282470703 
82.8500011600554 154.3333282470703 
82.90000116080046 169.0 
82.95000116154552 167.0 
83.00000116229057 153.6666717529297 
83.05000116303563 153.6666717529297 
83.10000116378069 153.0 
83.15000116452575 159.3333282470703 
83.2000011652708 164.6666717529297 
83.25000116601586 142.3333282470703 
83.30000116676092 160.6666717529297 
83.35000116750598 145.6666717529297 
83.40000116825104 159.3333282470703 
83.4500011689961 163.0 
83.50000116974115 150.0 
83.55000117048621 151.3333282470703 
83.60000117123127 159.3333282470703 
83.65000117197633 156.0 
83.70000117272139 161.0 
83.75000117346644 161.0 
83.8000011742115 156.3333282470703 
83.85000117495656 155.3333282470703 
83.90000117570162 151.3333282470703 
83.95000117644668 141.0 
84.00000117719173 160.6666717529297 
84.05000117793679 145.0 
84.10000117868185 159.6666717529297 
84.15000117942691 154.0 
84.20000118017197 149.3333282470703 
84.25000118091702 148.6666717529297 
84.30000118166208 144.3333282470703 
84.35000118240714 153.3333282470703 
84.4000011831522 154.6666717529297 
84.45000118389726 143.0 
84.50000118464231 143.6666717529297 
84.55000118538737 158.3333282470703 
84.60000118613243 134.0 
84.65000118687749 142.6666717529297 
84.70000118762255 140.3333282470703 
84.7500011883676 151.0 
84.80000118911266 150.0 
