# scan speed: 3.0
# theta min: 5.0
# theta_max: 85.0
# spacing: 0.05000000074505806
# two theta, intensity
5.0 28.0 
5.050000000745058 32.0 
5.100000001490116 34.0 
5.150000002235174 30.0 
5.200000002980232 36.0 
5.25000000372529 41.0 
5.300000004470348 64.0 
5.350000005215406 50.0 
5.4000000059604645 47.0 
5.4500000067055225 65.0 
5.500000007450581 57.0 
5.550000008195639 62.0 
5.600000008940697 66.0 
5.650000009685755 73.0 
5.700000010430813 56.0 
5.750000011175871 51.0 
5.800000011920929 64.0 
5.850000012665987 69.0 
5.900000013411045 68.0 
5.950000014156103 64.0 
6.000000014901161 55.0 
6.050000015646219 59.0 
6.100000016391277 55.0 
6.150000017136335 59.0 
6.200000017881393 61.0 
6.2500000186264515 54.0 
6.3000000193715096 63.0 
6.350000020116568 62.0 
6.400000020861626 67.0 
6.450000021606684 67.0 
6.500000022351742 59.0 
6.5500000230968 57.0 
6.600000023841858 69.0 
6.650000024586916 72.0 
6.700000025331974 60.0 
6.750000026077032 62.0 
6.80000002682209 60.0 
6.850000027567148 57.0 
6.900000028312206 53.0 
6.950000029057264 69.0 
7.000000029802322 61.0 
7.0500000305473804 51.0 
7.1000000312924385 51.0 
7.150000032037497 51.0 
7.200000032782555 63.0 
7.250000033527613 47.0 
7.300000034272671 60.0 
7.350000035017729 65.0 
7.400000035762787 51.0 
7.450000036507845 63.0 
7.500000037252903 50.0 
7.550000037997961 37.0 
7.600000038743019 53.0 
7.650000039488077 45.0 
7.700000040233135 55.0 
7.750000040978193 58.0 
7.800000041723251 62.0 
7.850000042468309 68.0 
7.9000000432133675 40.0 
7.9500000439584255 63.0 
8.000000044703484 60.0 
8.050000045448542 53.0 
8.1000000461936 45.0 
8.150000046938658 56.0 
8.200000047683716 44.0 
8.250000048428774 50.0 
8.300000049173832 36.0 
8.35000004991889 57.0 
8.400000050663948 61.0 
8.450000051409006 46.0 
8.500000052154064 54.0 
8.550000052899122 56.0 
8.60000005364418 53.0 
8.650000054389238 51.0 
8.700000055134296 46.0 
8.750000055879354 44.0 
8.800000056624413 52.0 
8.85000005736947 54.0 
8.900000058114529 47.0 
8.950000058859587 54.0 
9.000000059604645 50.0 
9.050000060349703 45.0 
9.100000061094761 45.0 
9.150000061839819 50.0 
9.200000062584877 44.0 
9.250000063329935 54.0 
9.300000064074993 57.0 
9.350000064820051 48.0 
9.40000006556511 45.0 
9.450000066310167 35.0 
9.500000067055225 50.0 
9.550000067800283 40.0 
9.600000068545341 45.0 
9.6500000692904 53.0 
9.700000070035458 49.0 
9.750000070780516 48.0 
9.800000071525574 48.0 
9.850000072270632 47.0 
9.90000007301569 48.0 
9.950000073760748 52.0 
10.000000074505806 48.0 
10.050000075250864 59.0 
10.100000075995922 58.0 
10.15000007674098 48.0 
10.200000077486038 49.0 
10.250000078231096 71.0 
10.300000078976154 56.0 
10.350000079721212 58.0 
10.40000008046627 47.0 
10.450000081211329 52.0 
10.500000081956387 38.0 
10.550000082701445 57.0 
10.600000083446503 47.0 
10.65000008419156 55.0 
10.700000084936619 48.0 
10.750000085681677 35.0 
10.800000086426735 53.0 
10.850000087171793 47.0 
10.900000087916851 53.0 
10.950000088661909 50.0 
11.000000089406967 59.0 
11.050000090152025 46.0 
11.100000090897083 50.0 
11.150000091642141 45.0 
11.2000000923872 43.0 
11.250000093132257 48.0 
11.300000093877316 46.0 
11.350000094622374 53.0 
11.400000095367432 51.0 
11.45000009611249 48.0 
11.500000096857548 45.0 
11.550000097602606 48.0 
11.600000098347664 55.0 
11.650000099092722 46.0 
11.70000009983778 43.0 
11.750000100582838 56.0 
11.800000101327896 45.0 
11.850000102072954 58.0 
11.900000102818012 48.0 
11.95000010356307 57.0 
12.000000104308128 53.0 
12.050000105053186 56.0 
12.100000105798244 52.0 
12.150000106543303 51.0 
12.20000010728836 52.0 
12.250000108033419 50.0 
12.300000108778477 51.0 
12.350000109523535 39.0 
12.400000110268593 41.0 
12.450000111013651 45.0 
12.500000111758709 40.0 
12.550000112503767 43.0 
12.600000113248825 59.0 
12.650000113993883 48.0 
12.700000114738941 45.0 
12.750000115484 55.0 
12.800000116229057 64.0 
12.850000116974115 54.0 
12.900000117719173 48.0 
12.950000118464231 53.0 
13.00000011920929 56.0 
13.050000119954348 45.0 
13.100000120699406 40.0 
13.150000121444464 56.0 
13.200000122189522 41.0 
13.25000012293458 53.0 
13.300000123679638 37.0 
13.350000124424696 45.0 
13.400000125169754 41.0 
13.450000125914812 48.0 
13.50000012665987 53.0 
13.550000127404928 48.0 
13.600000128149986 36.0 
13.650000128895044 35.0 
13.700000129640102 41.0 
13.75000013038516 49.0 
13.800000131130219 54.0 
13.850000131875277 52.0 
13.900000132620335 57.0 
13.950000133365393 42.0 
14.00000013411045 49.0 
14.050000134855509 43.0 
14.100000135600567 53.0 
14.150000136345625 38.0 
14.200000137090683 42.0 
14.250000137835741 41.0 
14.300000138580799 44.0 
14.350000139325857 39.0 
14.400000140070915 48.0 
14.450000140815973 46.0 
14.500000141561031 50.0 
14.55000014230609 43.0 
14.600000143051147 54.0 
14.650000143796206 44.0 
14.700000144541264 43.0 
14.750000145286322 39.0 
14.80000014603138 40.0 
14.850000146776438 38.0 
14.900000147521496 54.0 
14.950000148266554 42.0 
15.000000149011612 53.0 
15.05000014975667 40.0 
15.100000150501728 41.0 
15.150000151246786 45.0 
15.200000151991844 38.0 
15.250000152736902 38.0 
15.30000015348196 39.0 
15.350000154227018 36.0 
15.400000154972076 39.0 
15.450000155717134 52.0 
15.500000156462193 43.0 
15.55000015720725 38.0 
15.600000157952309 55.0 
15.650000158697367 43.0 
15.700000159442425 46.0 
15.750000160187483 54.0 
15.800000160932541 35.0 
15.850000161677599 55.0 
15.900000162422657 41.0 
15.950000163167715 35.0 
16.000000163912773 37.0 
16.05000016465783 34.0 
16.10000016540289 48.0 
16.150000166147947 35.0 
16.200000166893005 42.0 
16.250000167638063 35.0 
16.30000016838312 47.0 
16.35000016912818 54.0 
16.400000169873238 31.0 
16.450000170618296 39.0 
16.500000171363354 42.0 
16.550000172108412 37.0 
16.60000017285347 38.0 
16.650000173598528 53.0 
16.700000174343586 50.0 
16.750000175088644 41.0 
16.800000175833702 42.0 
16.85000017657876 33.0 
16.900000177323818 51.0 
16.950000178068876 32.0 
17.000000178813934 38.0 
17.050000179558992 32.0 
17.10000018030405 37.0 
17.15000018104911 33.0 
17.200000181794167 30.0 
17.250000182539225 36.0 
17.300000183284283 47.0 
17.35000018402934 35.0 
17.4000001847744 54.0 
17.450000185519457 38.0 
17.500000186264515 35.0 
17.550000187009573 37.0 
17.60000018775463 39.0 
17.65000018849969 34.0 
17.700000189244747 42.0 
17.750000189989805 35.0 
17.800000190734863 35.0 
17.85000019147992 41.0 
17.90000019222498 25.0 
17.950000192970037 45.0 
18.000000193715096 32.0 
18.050000194460154 45.0 
18.10000019520521 49.0 
18.15000019595027 45.0 
18.200000196695328 33.0 
18.250000197440386 27.0 
18.300000198185444 33.0 
18.350000198930502 33.0 
18.40000019967556 31.0 
18.450000200420618 44.0 
18.500000201165676 43.0 
18.550000201910734 43.0 
18.600000202655792 37.0 
18.65000020340085 43.0 
18.70000020414591 35.0 
18.750000204890966 45.0 
18.800000205636024 39.0 
18.850000206381083 36.0 
18.90000020712614 30.0 
18.9500002078712 36.0 
19.000000208616257 24.0 
19.050000209361315 50.0 
19.100000210106373 38.0 
19.15000021085143 39.0 
19.20000021159649 39.0 
19.250000212341547 32.0 
19.300000213086605 45.0 
19.350000213831663 52.0 
19.40000021457672 39.0 
19.45000021532178 40.0 
19.500000216066837 26.0 
19.550000216811895 35.0 
19.600000217556953 32.0 
19.65000021830201 40.0 
19.70000021904707 35.0 
19.750000219792128 38.0 
19.800000220537186 35.0 
19.850000221282244 37.0 
19.900000222027302 42.0 
19.95000022277236 28.0 
20.000000223517418 35.0 
20.050000224262476 47.0 
20.100000225007534 45.0 
20.150000225752592 45.0 
20.20000022649765 33.0 
20.250000227242708 43.0 
20.300000227987766 38.0 
20.350000228732824 42.0 
20.400000229477882 32.0 
20.45000023022294 32.0 
20.500000230968 34.0 
20.550000231713057 34.0 
20.600000232458115 33.0 
20.650000233203173 31.0 
20.70000023394823 32.0 
20.75000023469329 26.0 
20.800000235438347 41.0 
20.850000236183405 40.0 
20.900000236928463 33.0 
20.95000023767352 40.0 
21.00000023841858 36.0 
21.050000239163637 39.0 
21.100000239908695 43.0 
21.150000240653753 31.0 
21.20000024139881 35.0 
21.25000024214387 52.0 
21.300000242888927 35.0 
21.350000243633986 30.0 
21.400000244379044 37.0 
21.4500002451241 45.0 
21.50000024586916 34.0 
21.550000246614218 32.0 
21.600000247359276 31.0 
21.650000248104334 30.0 
21.700000248849392 49.0 
21.75000024959445 43.0 
21.800000250339508 42.0 
21.850000251084566 34.0 
21.900000251829624 34.0 
21.950000252574682 46.0 
22.00000025331974 37.0 
22.0500002540648 34.0 
22.100000254809856 45.0 
22.150000255554914 46.0 
22.200000256299973 48.0 
22.25000025704503 52.0 
22.30000025779009 28.0 
22.350000258535147 48.0 
22.400000259280205 36.0 
22.450000260025263 41.0 
22.50000026077032 38.0 
22.55000026151538 25.0 
22.600000262260437 38.0 
22.650000263005495 36.0 
22.700000263750553 34.0 
22.75000026449561 33.0 
22.80000026524067 45.0 
22.850000265985727 28.0 
22.900000266730785 38.0 
22.950000267475843 41.0 
23.0000002682209 38.0 
23.05000026896596 30.0 
23.100000269711018 38.0 
23.150000270456076 37.0 
23.200000271201134 35.0 
23.250000271946192 33.0 
23.30000027269125 36.0 
23.350000273436308 38.0 
23.400000274181366 44.0 
23.450000274926424 25.0 
23.500000275671482 35.0 
23.55000027641654 31.0 
23.600000277161598 44.0 
23.650000277906656 30.0 
23.700000278651714 40.0 
23.750000279396772 39.0 
23.80000028014183 31.0 
23.85000028088689 28.0 
23.900000281631947 40.0 
23.950000282377005 35.0 
24.000000283122063 40.0 
24.05000028386712 47.0 
24.10000028461218 45.0 
24.150000285357237 37.0 
24.200000286102295 39.0 
24.250000286847353 42.0 
24.30000028759241 37.0 
24.35000028833747 45.0 
24.400000289082527 33.0 
24.450000289827585 43.0 
24.500000290572643 34.0 
24.5500002913177 26.0 
24.60000029206276 40.0 
24.650000292807817 41.0 
24.700000293552876 32.0 
24.750000294297934 45.0 
24.80000029504299 41.0 
24.85000029578805 47.0 
24.900000296533108 41.0 
24.950000297278166 34.0 
25.000000298023224 41.0 
25.050000298768282 32.0 
25.10000029951334 32.0 
25.150000300258398 40.0 
25.200000301003456 39.0 
25.250000301748514 29.0 
25.300000302493572 44.0 
25.35000030323863 39.0 
25.40000030398369 38.0 
25.450000304728746 34.0 
25.500000305473804 46.0 
25.550000306218863 29.0 
25.60000030696392 31.0 
25.65000030770898 37.0 
25.700000308454037 38.0 
25.750000309199095 35.0 
25.800000309944153 31.0 
25.85000031068921 35.0 
25.90000031143427 34.0 
25.950000312179327 41.0 
26.000000312924385 46.0 
26.050000313669443 37.0 
26.1000003144145 32.0 
26.15000031515956 45.0 
26.200000315904617 39.0 
26.250000316649675 31.0 
26.300000317394733 39.0 
26.35000031813979 27.0 
26.40000031888485 42.0 
26.450000319629908 32.0 
26.500000320374966 33.0 
26.550000321120024 29.0 
26.600000321865082 29.0 
26.65000032261014 34.0 
26.700000323355198 31.0 
26.750000324100256 29.0 
26.800000324845314 39.0 
26.850000325590372 33.0 
26.90000032633543 32.0 
26.950000327080488 36.0 
27.000000327825546 43.0 
27.050000328570604 22.0 
27.100000329315662 31.0 
27.15000033006072 37.0 
27.20000033080578 33.0 
27.250000331550837 37.0 
27.300000332295895 28.0 
27.350000333040953 31.0 
27.40000033378601 32.0 
27.45000033453107 30.0 
27.500000335276127 33.0 
27.550000336021185 32.0 
27.600000336766243 44.0 
27.6500003375113 32.0 
27.70000033825636 41.0 
27.750000339001417 40.0 
27.800000339746475 32.0 
27.850000340491533 36.0 
27.90000034123659 43.0 
27.95000034198165 32.0 
28.000000342726707 37.0 
28.050000343471766 37.0 
28.100000344216824 20.0 
28.15000034496188 33.0 
28.20000034570694 42.0 
28.250000346451998 33.0 
28.300000347197056 34.0 
28.350000347942114 28.0 
28.400000348687172 38.0 
28.45000034943223 34.0 
28.500000350177288 33.0 
28.550000350922346 37.0 
28.600000351667404 29.0 
28.650000352412462 40.0 
28.70000035315752 38.0 
28.75000035390258 39.0 
28.800000354647636 31.0 
28.850000355392694 43.0 
28.900000356137753 27.0 
28.95000035688281 37.0 
29.00000035762787 36.0 
29.050000358372927 36.0 
29.100000359117985 36.0 
29.150000359863043 28.0 
29.2000003606081 34.0 
29.25000036135316 41.0 
29.300000362098217 32.0 
29.350000362843275 36.0 
29.400000363588333 37.0 
29.45000036433339 37.0 
29.50000036507845 34.0 
29.550000365823507 46.0 
29.600000366568565 47.0 
29.650000367313623 36.0 
29.70000036805868 32.0 
29.75000036880374 34.0 
29.800000369548798 35.0 
29.850000370293856 39.0 
29.900000371038914 41.0 
29.950000371783972 36.0 
30.00000037252903 29.0 
30.050000373274088 35.0 
30.100000374019146 31.0 
30.150000374764204 39.0 
30.200000375509262 35.0 
30.25000037625432 31.0 
30.300000376999378 38.0 
30.350000377744436 34.0 
30.400000378489494 31.0 
30.450000379234552 26.0 
30.50000037997961 32.0 
30.55000038072467 34.0 
30.600000381469727 36.0 
30.650000382214785 34.0 
30.700000382959843 52.0 
30.7500003837049 37.0 
30.80000038444996 26.0 
30.850000385195017 25.0 
30.900000385940075 38.0 
30.950000386685133 44.0 
31.00000038743019 39.0 
31.05000038817525 35.0 
31.100000388920307 41.0 
31.150000389665365 29.0 
31.200000390410423 49.0 
31.25000039115548 34.0 
31.30000039190054 42.0 
31.350000392645597 37.0 
31.400000393390656 34.0 
31.450000394135714 45.0 
31.50000039488077 41.0 
31.55000039562583 41.0 
31.600000396370888 28.0 
31.650000397115946 37.0 
31.700000397861004 44.0 
31.750000398606062 41.0 
31.80000039935112 45.0 
31.850000400096178 37.0 
31.900000400841236 32.0 
31.950000401586294 34.0 
32.00000040233135 31.0 
32.05000040307641 32.0 
32.10000040382147 43.0 
32.150000404566526 30.0 
32.200000405311584 42.0 
32.25000040605664 33.0 
32.3000004068017 24.0 
32.35000040754676 26.0 
32.40000040829182 31.0 
32.450000409036875 32.0 
32.50000040978193 38.0 
32.55000041052699 39.0 
32.60000041127205 32.0 
32.65000041201711 28.0 
32.700000412762165 30.0 
32.75000041350722 29.0 
32.80000041425228 43.0 
32.85000041499734 30.0 
32.9000004157424 34.0 
32.950000416487455 33.0 
33.00000041723251 29.0 
33.05000041797757 27.0 
33.10000041872263 35.0 
33.15000041946769 34.0 
33.200000420212746 30.0 
33.250000420957804 38.0 
33.30000042170286 37.0 
33.35000042244792 33.0 
33.40000042319298 26.0 
33.450000423938036 32.0 
33.500000424683094 40.0 
33.55000042542815 31.0 
33.60000042617321 33.0 
33.65000042691827 31.0 
33.700000427663326 27.0 
33.750000428408384 36.0 
33.80000042915344 22.0 
33.8500004298985 37.0 
33.90000043064356 29.0 
33.95000043138862 34.0 
34.000000432133675 23.0 
34.05000043287873 26.0 
34.10000043362379 36.0 
34.15000043436885 35.0 
34.20000043511391 44.0 
34.250000435858965 45.0 
34.30000043660402 29.0 
34.35000043734908 32.0 
34.40000043809414 36.0 
34.4500004388392 34.0 
34.500000439584255 37.0 
34.55000044032931 28.0 
34.60000044107437 39.0 
34.65000044181943 28.0 
34.70000044256449 30.0 
34.750000443309546 37.0 
34.800000444054604 31.0 
34.85000044479966 39.0 
34.90000044554472 32.0 
34.95000044628978 28.0 
35.000000447034836 44.0 
35.050000447779894 34.0 
35.10000044852495 32.0 
35.15000044927001 44.0 
35.20000045001507 34.0 
35.250000450760126 29.0 
35.300000451505184 41.0 
35.35000045225024 35.0 
35.4000004529953 41.0 
35.45000045374036 30.0 
35.500000454485416 39.0 
35.550000455230474 41.0 
35.60000045597553 25.0 
35.65000045672059 41.0 
35.70000045746565 44.0 
35.75000045821071 33.0 
35.800000458955765 32.0 
35.85000045970082 40.0 
35.90000046044588 36.0 
35.95000046119094 33.0 
36.000000461936 37.0 
36.050000462681055 31.0 
36.10000046342611 34.0 
36.15000046417117 35.0 
36.20000046491623 41.0 
36.25000046566129 38.0 
36.300000466406345 46.0 
36.3500004671514 32.0 
36.40000046789646 32.0 
36.45000046864152 39.0 
36.50000046938658 34.0 
36.550000470131636 42.0 
36.600000470876694 41.0 
36.65000047162175 33.0 
36.70000047236681 25.0 
36.75000047311187 34.0 
36.800000473856926 25.0 
36.850000474601984 46.0 
36.90000047534704 30.0 
36.9500004760921 48.0 
37.00000047683716 40.0 
37.050000477582216 37.0 
37.100000478327274 36.0 
37.15000047907233 41.0 
37.20000047981739 39.0 
37.25000048056245 29.0 
37.30000048130751 43.0 
37.350000482052565 47.0 
37.40000048279762 40.0 
37.45000048354268 40.0 
37.50000048428774 44.0 
37.5500004850328 31.0 
37.600000485777855 53.0 
37.65000048652291 36.0 
37.70000048726797 35.0 
37.75000048801303 33.0 
37.80000048875809 44.0 
37.850000489503145 40.0 
37.9000004902482 37.0 
37.95000049099326 35.0 
38.00000049173832 44.0 
38.05000049248338 42.0 
38.100000493228436 25.0 
38.150000493973494 35.0 
38.20000049471855 35.0 
38.25000049546361 34.0 
38.30000049620867 42.0 
38.350000496953726 28.0 
38.400000497698784 31.0 
38.45000049844384 28.0 
38.5000004991889 31.0 
38.55000049993396 38.0 
38.600000500679016 30.0 
38.650000501424074 23.0 
38.70000050216913 34.0 
38.75000050291419 35.0 
38.80000050365925 36.0 
38.850000504404306 37.0 
38.900000505149364 34.0 
38.95000050589442 21.0 
39.00000050663948 41.0 
39.05000050738454 38.0 
39.1000005081296 42.0 
39.150000508874655 41.0 
39.20000050961971 47.0 
39.25000051036477 33.0 
39.30000051110983 29.0 
39.35000051185489 44.0 
39.400000512599945 41.0 
39.450000513345 32.0 
39.50000051409006 26.0 
39.55000051483512 28.0 
39.60000051558018 26.0 
39.650000516325235 48.0 
39.70000051707029 51.0 
39.75000051781535 36.0 
39.80000051856041 35.0 
39.85000051930547 43.0 
39.900000520050526 36.0 
39.950000520795584 49.0 
40.00000052154064 38.0 
40.0500005222857 30.0 
40.10000052303076 29.0 
40.150000523775816 45.0 
40.200000524520874 41.0 
40.25000052526593 29.0 
40.30000052601099 40.0 
40.35000052675605 45.0 
40.400000527501106 39.0 
40.450000528246164 42.0 
40.50000052899122 36.0 
40.55000052973628 45.0 
40.60000053048134 37.0 
40.6500005312264 37.0 
40.700000531971455 50.0 
40.75000053271651 47.0 
40.80000053346157 28.0 
40.85000053420663 36.0 
40.90000053495169 41.0 
40.950000535696745 43.0 
41.0000005364418 44.0 
41.05000053718686 40.0 
41.10000053793192 34.0 
41.15000053867698 30.0 
41.200000539422035 45.0 
41.25000054016709 34.0 
41.30000054091215 28.0 
41.35000054165721 34.0 
41.40000054240227 35.0 
41.450000543147326 30.0 
41.500000543892384 28.0 
41.55000054463744 40.0 
41.6000005453825 25.0 
41.65000054612756 43.0 
41.700000546872616 37.0 
41.750000547617674 30.0 
41.80000054836273 34.0 
41.85000054910779 36.0 
41.90000054985285 51.0 
41.950000550597906 35.0 
42.000000551342964 32.0 
42.05000055208802 37.0 
42.10000055283308 38.0 
42.15000055357814 46.0 
42.200000554323196 37.0 
42.250000555068254 40.0 
42.30000055581331 30.0 
42.35000055655837 41.0 
42.40000055730343 48.0 
42.45000055804849 35.0 
42.500000558793545 37.0 
42.5500005595386 28.0 
42.60000056028366 49.0 
42.65000056102872 33.0 
42.70000056177378 37.0 
42.750000562518835 29.0 
42.80000056326389 29.0 
42.85000056400895 36.0 
42.90000056475401 36.0 
42.95000056549907 25.0 
43.000000566244125 36.0 
43.05000056698918 33.0 
43.10000056773424 24.0 
43.1500005684793 38.0 
43.20000056922436 40.0 
43.250000569969416 45.0 
43.300000570714474 29.0 
43.35000057145953 35.0 
43.40000057220459 32.0 
43.45000057294965 45.0 
43.500000573694706 57.0 
43.550000574439764 36.0 
43.60000057518482 39.0 
43.65000057592988 31.0 
43.70000057667494 41.0 
43.750000577419996 30.0 
43.800000578165054 40.0 
43.85000057891011 41.0 
43.90000057965517 28.0 
43.95000058040023 40.0 
44.00000058114529 50.0 
44.050000581890345 27.0 
44.1000005826354 42.0 
44.15000058338046 34.0 
44.20000058412552 31.0 
44.25000058487058 36.0 
44.300000585615635 41.0 
44.35000058636069 45.0 
44.40000058710575 48.0 
44.45000058785081 33.0 
44.50000058859587 43.0 
44.550000589340925 38.0 
44.60000059008598 30.0 
44.65000059083104 34.0 
44.7000005915761 20.0 
44.75000059232116 42.0 
44.800000593066216 41.0 
44.850000593811274 47.0 
44.90000059455633 30.0 
44.95000059530139 28.0 
45.00000059604645 29.0 
45.050000596791506 37.0 
45.100000597536564 29.0 
45.15000059828162 41.0 
45.20000059902668 38.0 
45.25000059977174 35.0 
45.300000600516796 39.0 
45.350000601261854 27.0 
45.40000060200691 45.0 
45.45000060275197 33.0 
45.50000060349703 39.0 
45.550000604242086 51.0 
45.600000604987144 33.0 
45.6500006057322 37.0 
45.70000060647726 34.0 
45.75000060722232 38.0 
45.80000060796738 44.0 
45.850000608712435 36.0 
45.90000060945749 33.0 
45.95000061020255 30.0 
46.00000061094761 26.0 
46.05000061169267 41.0 
46.100000612437725 33.0 
46.15000061318278 34.0 
46.20000061392784 40.0 
46.2500006146729 32.0 
46.30000061541796 40.0 
46.350000616163015 44.0 
46.40000061690807 49.0 
46.45000061765313 38.0 
46.50000061839819 45.0 
46.55000061914325 42.0 
46.600000619888306 40.0 
46.650000620633364 30.0 
46.70000062137842 43.0 
46.75000062212348 37.0 
46.80000062286854 48.0 
46.850000623613596 33.0 
46.900000624358654 37.0 
46.95000062510371 43.0 
47.00000062584877 40.0 
47.05000062659383 20.0 
47.100000627338886 41.0 
47.150000628083944 37.0 
47.200000628829 33.0 
47.25000062957406 40.0 
47.30000063031912 46.0 
47.35000063106418 29.0 
47.400000631809235 41.0 
47.45000063255429 37.0 
47.50000063329935 49.0 
47.55000063404441 33.0 
47.60000063478947 34.0 
47.650000635534525 38.0 
47.70000063627958 24.0 
47.75000063702464 45.0 
47.8000006377697 41.0 
47.85000063851476 40.0 
47.900000639259815 32.0 
47.95000064000487 43.0 
48.00000064074993 40.0 
48.05000064149499 42.0 
48.10000064224005 47.0 
48.150000642985106 42.0 
48.200000643730164 32.0 
48.25000064447522 42.0 
48.30000064522028 34.0 
48.35000064596534 34.0 
48.400000646710396 42.0 
48.450000647455454 43.0 
48.50000064820051 41.0 
48.55000064894557 35.0 
48.60000064969063 42.0 
48.650000650435686 33.0 
48.700000651180744 35.0 
48.7500006519258 49.0 
48.80000065267086 46.0 
48.85000065341592 43.0 
48.900000654160976 37.0 
48.950000654906034 28.0 
49.00000065565109 36.0 
49.05000065639615 50.0 
49.10000065714121 51.0 
49.15000065788627 35.0 
49.200000658631325 32.0 
49.25000065937638 32.0 
49.30000066012144 49.0 
49.3500006608665 42.0 
49.40000066161156 38.0 
49.450000662356615 46.0 
49.50000066310167 52.0 
49.55000066384673 38.0 
49.60000066459179 46.0 
49.65000066533685 33.0 
49.700000666081905 49.0 
49.75000066682696 53.0 
49.80000066757202 35.0 
49.85000066831708 46.0 
49.90000066906214 46.0 
49.950000669807196 44.0 
50.000000670552254 56.0 
50.05000067129731 37.0 
50.10000067204237 52.0 
50.15000067278743 39.0 
50.200000673532486 36.0 
50.250000674277544 40.0 
50.3000006750226 42.0 
50.35000067576766 41.0 
50.40000067651272 46.0 
50.450000677257776 42.0 
50.500000678002834 38.0 
50.55000067874789 37.0 
50.60000067949295 40.0 
50.65000068023801 34.0 
50.70000068098307 48.0 
50.750000681728125 46.0 
50.80000068247318 35.0 
50.85000068321824 41.0 
50.9000006839633 34.0 
50.95000068470836 50.0 
51.000000685453415 50.0 
51.05000068619847 39.0 
51.10000068694353 28.0 
51.15000068768859 41.0 
51.20000068843365 44.0 
51.250000689178705 46.0 
51.30000068992376 43.0 
51.35000069066882 47.0 
51.40000069141388 37.0 
51.45000069215894 39.0 
51.500000692903996 38.0 
51.550000693649054 43.0 
51.60000069439411 45.0 
51.65000069513917 39.0 
51.70000069588423 36.0 
51.750000696629286 42.0 
51.800000697374344 46.0 
51.8500006981194 45.0 
51.90000069886446 50.0 
51.95000069960952 42.0 
52.000000700354576 37.0 
52.050000701099634 44.0 
52.10000070184469 38.0 
52.15000070258975 35.0 
52.20000070333481 45.0 
52.250000704079866 53.0 
52.300000704824924 55.0 
52.35000070556998 53.0 
52.40000070631504 37.0 
52.4500007070601 61.0 
52.50000070780516 41.0 
52.550000708550215 42.0 
52.60000070929527 40.0 
52.65000071004033 42.0 
52.70000071078539 42.0 
52.75000071153045 50.0 
52.800000712275505 54.0 
52.85000071302056 57.0 
52.90000071376562 41.0 
52.95000071451068 38.0 
53.00000071525574 46.0 
53.050000716000795 35.0 
53.10000071674585 61.0 
53.15000071749091 50.0 
53.20000071823597 46.0 
53.25000071898103 53.0 
53.300000719726086 52.0 
53.350000720471144 60.0 
53.4000007212162 44.0 
53.45000072196126 42.0 
53.50000072270632 47.0 
53.550000723451376 53.0 
53.600000724196434 52.0 
53.65000072494149 52.0 
53.70000072568655 45.0 
53.75000072643161 42.0 
53.800000727176666 52.0 
53.850000727921724 45.0 
53.90000072866678 55.0 
53.95000072941184 49.0 
54.0000007301569 43.0 
54.05000073090196 52.0 
54.100000731647015 33.0 
54.15000073239207 38.0 
54.20000073313713 43.0 
54.25000073388219 47.0 
54.30000073462725 47.0 
54.350000735372305 44.0 
54.40000073611736 53.0 
54.45000073686242 52.0 
54.50000073760748 31.0 
54.55000073835254 46.0 
54.600000739097595 42.0 
54.65000073984265 47.0 
54.70000074058771 44.0 
54.75000074133277 50.0 
54.80000074207783 50.0 
54.850000742822886 45.0 
54.900000743567944 52.0 
54.950000744313 45.0 
55.00000074505806 44.0 
55.05000074580312 42.0 
55.100000746548176 45.0 
55.150000747293234 46.0 
55.20000074803829 55.0 
55.25000074878335 34.0 
55.30000074952841 55.0 
55.350000750273466 40.0 
55.400000751018524 38.0 
55.45000075176358 49.0 
55.50000075250864 50.0 
55.5500007532537 51.0 
55.600000753998756 54.0 
55.650000754743814 66.0 
55.70000075548887 32.0 
55.75000075623393 59.0 
55.80000075697899 45.0 
55.85000075772405 54.0 
55.900000758469105 55.0 
55.95000075921416 64.0 
56.00000075995922 62.0 
56.05000076070428 62.0 
56.10000076144934 51.0 
56.150000762194395 63.0 
56.20000076293945 43.0 
56.25000076368451 49.0 
56.30000076442957 50.0 
56.35000076517463 59.0 
56.400000765919685 44.0 
56.45000076666474 55.0 
56.5000007674098 50.0 
56.55000076815486 48.0 
56.60000076889992 47.0 
56.650000769644976 57.0 
56.700000770390034 56.0 
56.75000077113509 47.0 
56.80000077188015 53.0 
56.85000077262521 40.0 
56.900000773370266 51.0 
56.950000774115324 49.0 
57.00000077486038 52.0 
57.05000077560544 52.0 
57.1000007763505 58.0 
57.150000777095556 54.0 
57.200000777840614 55.0 
57.25000077858567 52.0 
57.30000077933073 60.0 
57.35000078007579 48.0 
57.40000078082085 45.0 
57.450000781565905 50.0 
57.50000078231096 69.0 
57.55000078305602 50.0 
57.60000078380108 53.0 
57.65000078454614 60.0 
57.700000785291195 59.0 
57.75000078603625 62.0 
57.80000078678131 58.0 
57.85000078752637 62.0 
57.90000078827143 51.0 
57.950000789016485 54.0 
58.00000078976154 54.0 
58.0500007905066 41.0 
58.10000079125166 55.0 
58.15000079199672 49.0 
58.200000792741776 59.0 
58.250000793486834 62.0 
58.30000079423189 43.0 
58.35000079497695 57.0 
58.40000079572201 51.0 
58.450000796467066 56.0 
58.500000797212124 49.0 
58.55000079795718 42.0 
58.60000079870224 57.0 
58.6500007994473 47.0 
58.700000800192356 59.0 
58.750000800937414 55.0 
58.80000080168247 43.0 
58.85000080242753 64.0 
58.90000080317259 50.0 
58.950000803917646 57.0 
59.000000804662704 54.0 
59.05000080540776 53.0 
59.10000080615282 73.0 
59.15000080689788 63.0 
59.20000080764294 58.0 
59.250000808387995 51.0 
59.30000080913305 69.0 
59.35000080987811 49.0 
59.40000081062317 55.0 
59.45000081136823 59.0 
59.500000812113285 58.0 
59.55000081285834 55.0 
59.6000008136034 46.0 
59.65000081434846 61.0 
59.70000081509352 71.0 
59.750000815838575 62.0 
59.80000081658363 57.0 
59.85000081732869 55.0 
59.90000081807375 60.0 
59.95000081881881 60.0 
60.000000819563866 54.0 
60.050000820308924 59.0 
60.10000082105398 57.0 
60.15000082179904 55.0 
60.2000008225441 59.0 
60.250000823289156 56.0 
60.300000824034214 50.0 
60.35000082477927 71.0 
60.40000082552433 61.0 
60.45000082626939 54.0 
60.500000827014446 51.0 
60.550000827759504 65.0 
60.60000082850456 60.0 
60.65000082924962 60.0 
60.70000082999468 50.0 
60.75000083073974 51.0 
60.800000831484795 55.0 
60.85000083222985 56.0 
60.90000083297491 59.0 
60.95000083371997 48.0 
61.00000083446503 74.0 
61.050000835210085 51.0 
61.10000083595514 49.0 
61.1500008367002 64.0 
61.20000083744526 47.0 
61.25000083819032 57.0 
61.300000838935375 63.0 
61.35000083968043 45.0 
61.40000084042549 64.0 
61.45000084117055 66.0 
61.50000084191561 53.0 
61.550000842660666 60.0 
61.600000843405724 54.0 
61.65000084415078 76.0 
61.70000084489584 60.0 
61.7500008456409 87.0 
61.800000846385956 75.0 
61.850000847131014 80.0 
61.90000084787607 57.0 
61.95000084862113 58.0 
62.00000084936619 80.0 
62.050000850111246 79.0 
62.100000850856304 54.0 
62.15000085160136 56.0 
62.20000085234642 64.0 
62.25000085309148 63.0 
62.300000853836536 55.0 
62.350000854581594 60.0 
62.40000085532665 57.0 
62.45000085607171 65.0 
62.50000085681677 60.0 
62.55000085756183 62.0 
62.600000858306885 53.0 
62.65000085905194 85.0 
62.700000859797 64.0 
62.75000086054206 64.0 
62.80000086128712 69.0 
62.850000862032175 62.0 
62.90000086277723 62.0 
62.95000086352229 55.0 
63.00000086426735 66.0 
63.05000086501241 68.0 
63.100000865757465 59.0 
63.15000086650252 67.0 
63.20000086724758 60.0 
63.25000086799264 67.0 
63.3000008687377 73.0 
63.350000869482756 68.0 
63.400000870227814 65.0 
63.45000087097287 69.0 
63.50000087171793 58.0 
63.55000087246299 67.0 
63.600000873208046 60.0 
63.650000873953104 55.0 
63.70000087469816 64.0 
63.75000087544322 54.0 
63.80000087618828 67.0 
63.850000876933336 52.0 
63.900000877678394 67.0 
63.95000087842345 77.0 
64.00000087916851 74.0 
64.05000087991357 52.0 
64.10000088065863 70.0 
64.15000088140368 69.0 
64.20000088214874 60.0 
64.2500008828938 79.0 
64.30000088363886 46.0 
64.35000088438392 66.0 
64.40000088512897 64.0 
64.45000088587403 76.0 
64.50000088661909 72.0 
64.55000088736415 63.0 
64.60000088810921 72.0 
64.65000088885427 51.0 
64.70000088959932 61.0 
64.75000089034438 67.0 
64.80000089108944 71.0 
64.8500008918345 58.0 
64.90000089257956 74.0 
64.95000089332461 83.0 
65.00000089406967 57.0 
65.05000089481473 85.0 
65.10000089555979 60.0 
65.15000089630485 70.0 
65.2000008970499 85.0 
65.25000089779496 71.0 
65.30000089854002 55.0 
65.35000089928508 68.0 
65.40000090003014 62.0 
65.4500009007752 60.0 
65.50000090152025 61.0 
65.55000090226531 61.0 
65.60000090301037 72.0 
65.65000090375543 79.0 
65.70000090450048 66.0 
65.75000090524554 85.0 
65.8000009059906 64.0 
65.85000090673566 79.0 
65.90000090748072 50.0 
65.95000090822577 86.0 
66.00000090897083 66.0 
66.05000090971589 71.0 
66.10000091046095 59.0 
66.150000911206 83.0 
66.20000091195107 75.0 
66.25000091269612 77.0 
66.30000091344118 67.0 
66.35000091418624 69.0 
66.4000009149313 69.0 
66.45000091567636 75.0 
66.50000091642141 71.0 
66.55000091716647 64.0 
66.60000091791153 67.0 
66.65000091865659 69.0 
66.70000091940165 53.0 
66.7500009201467 68.0 
66.80000092089176 80.0 
66.85000092163682 62.0 
66.90000092238188 64.0 
66.95000092312694 65.0 
67.000000923872 65.0 
67.05000092461705 65.0 
67.10000092536211 65.0 
67.15000092610717 72.0 
67.20000092685223 61.0 
67.25000092759728 80.0 
67.30000092834234 74.0 
67.3500009290874 58.0 
67.40000092983246 68.0 
67.45000093057752 62.0 
67.50000093132257 76.0 
67.55000093206763 70.0 
67.60000093281269 67.0 
67.65000093355775 58.0 
67.7000009343028 55.0 
67.75000093504786 73.0 
67.80000093579292 77.0 
67.85000093653798 81.0 
67.90000093728304 58.0 
67.9500009380281 59.0 
68.00000093877316 80.0 
68.05000093951821 54.0 
68.10000094026327 70.0 
68.15000094100833 90.0 
68.20000094175339 65.0 
68.25000094249845 81.0 
68.3000009432435 62.0 
68.35000094398856 65.0 
68.40000094473362 66.0 
68.45000094547868 73.0 
68.50000094622374 66.0 
68.5500009469688 81.0 
68.60000094771385 78.0 
68.65000094845891 70.0 
68.70000094920397 73.0 
68.75000094994903 57.0 
68.80000095069408 61.0 
68.85000095143914 77.0 
68.9000009521842 83.0 
68.95000095292926 74.0 
69.00000095367432 75.0 
69.05000095441937 60.0 
69.10000095516443 63.0 
69.15000095590949 72.0 
69.20000095665455 63.0 
69.2500009573996 59.0 
69.30000095814466 76.0 
69.35000095888972 65.0 
69.40000095963478 74.0 
69.45000096037984 75.0 
69.5000009611249 68.0 
69.55000096186996 72.0 
69.60000096261501 71.0 
69.65000096336007 71.0 
69.70000096410513 73.0 
69.75000096485019 70.0 
69.80000096559525 83.0 
69.8500009663403 67.0 
69.90000096708536 56.0 
69.95000096783042 81.0 
70.00000096857548 66.0 
70.05000096932054 68.0 
70.1000009700656 70.0 
70.15000097081065 74.0 
70.20000097155571 67.0 
70.25000097230077 69.0 
70.30000097304583 76.0 
70.35000097379088 80.0 
70.40000097453594 76.0 
70.450000975281 64.0 
70.50000097602606 82.0 
70.55000097677112 72.0 
70.60000097751617 69.0 
70.65000097826123 82.0 
70.70000097900629 65.0 
70.75000097975135 77.0 
70.8000009804964 83.0 
70.85000098124146 83.0 
70.90000098198652 84.0 
70.95000098273158 79.0 
71.00000098347664 69.0 
71.0500009842217 66.0 
71.10000098496675 79.0 
71.15000098571181 71.0 
71.20000098645687 61.0 
71.25000098720193 79.0 
71.30000098794699 74.0 
71.35000098869205 63.0 
71.4000009894371 81.0 
71.45000099018216 52.0 
71.50000099092722 88.0 
71.55000099167228 60.0 
71.60000099241734 73.0 
71.6500009931624 80.0 
71.70000099390745 92.0 
71.75000099465251 67.0 
71.80000099539757 60.0 
71.85000099614263 80.0 
71.90000099688768 62.0 
71.95000099763274 56.0 
72.0000009983778 74.0 
72.05000099912286 72.0 
72.10000099986792 69.0 
72.15000100061297 85.0 
72.20000100135803 76.0 
72.25000100210309 85.0 
72.30000100284815 74.0 
72.3500010035932 74.0 
72.40000100433826 97.0 
72.45000100508332 77.0 
72.50000100582838 69.0 
72.55000100657344 70.0 
72.6000010073185 66.0 
72.65000100806355 76.0 
72.70000100880861 70.0 
72.75000100955367 82.0 
72.80000101029873 70.0 
72.85000101104379 72.0 
72.90000101178885 68.0 
72.9500010125339 77.0 
73.00000101327896 86.0 
73.05000101402402 71.0 
73.10000101476908 80.0 
73.15000101551414 76.0 
73.2000010162592 77.0 
73.25000101700425 66.0 
73.30000101774931 77.0 
73.35000101849437 76.0 
73.40000101923943 69.0 
73.45000101998448 64.0 
73.50000102072954 79.0 
73.5500010214746 76.0 
73.60000102221966 66.0 
73.65000102296472 64.0 
73.70000102370977 76.0 
73.75000102445483 60.0 
73.80000102519989 83.0 
73.85000102594495 68.0 
73.90000102669 72.0 
73.95000102743506 73.0 
74.00000102818012 81.0 
74.05000102892518 78.0 
74.10000102967024 58.0 
74.1500010304153 67.0 
74.20000103116035 68.0 
74.25000103190541 68.0 
74.30000103265047 74.0 
74.35000103339553 78.0 
74.40000103414059 62.0 
74.45000103488564 85.0 
74.5000010356307 90.0 
74.55000103637576 66.0 
74.60000103712082 74.0 
74.65000103786588 67.0 
74.70000103861094 75.0 
74.750001039356 70.0 
74.80000104010105 81.0 
74.85000104084611 79.0 
74.90000104159117 69.0 
74.95000104233623 83.0 
75.00000104308128 56.0 
75.05000104382634 82.0 
75.1000010445714 70.0 
75.15000104531646 73.0 
75.20000104606152 72.0 
75.25000104680657 80.0 
75.30000104755163 57.0 
75.35000104829669 75.0 
75.40000104904175 83.0 
75.4500010497868 72.0 
75.50000105053186 75.0 
75.55000105127692 81.0 
75.60000105202198 76.0 
75.65000105276704 75.0 
75.7000010535121 91.0 
75.75000105425715 73.0 
75.80000105500221 56.0 
75.85000105574727 66.0 
75.90000105649233 79.0 
75.95000105723739 64.0 
76.00000105798244 95.0 
76.0500010587275 72.0 
76.10000105947256 65.0 
76.15000106021762 91.0 
76.20000106096268 81.0 
76.25000106170774 75.0 
76.3000010624528 65.0 
76.35000106319785 61.0 
76.40000106394291 68.0 
76.45000106468797 89.0 
76.50000106543303 86.0 
76.55000106617808 74.0 
76.60000106692314 81.0 
76.6500010676682 61.0 
76.70000106841326 72.0 
76.75000106915832 74.0 
76.80000106990337 63.0 
76.85000107064843 71.0 
76.90000107139349 82.0 
76.95000107213855 75.0 
77.0000010728836 92.0 
77.05000107362866 70.0 
77.10000107437372 88.0 
77.15000107511878 70.0 
77.20000107586384 64.0 
77.2500010766089 60.0 
77.30000107735395 76.0 
77.35000107809901 77.0 
77.40000107884407 67.0 
77.45000107958913 91.0 
77.50000108033419 70.0 
77.55000108107924 67.0 
77.6000010818243 78.0 
77.65000108256936 70.0 
77.70000108331442 66.0 
77.75000108405948 76.0 
77.80000108480453 71.0 
77.8500010855496 72.0 
77.90000108629465 71.0 
77.95000108703971 75.0 
78.00000108778477 70.0 
78.05000108852983 64.0 
78.10000108927488 62.0 
78.15000109001994 74.0 
78.200001090765 70.0 
78.25000109151006 71.0 
78.30000109225512 77.0 
78.35000109300017 84.0 
78.40000109374523 71.0 
78.45000109449029 65.0 
78.50000109523535 73.0 
78.5500010959804 63.0 
78.60000109672546 89.0 
78.65000109747052 79.0 
78.70000109821558 60.0 
78.75000109896064 63.0 
78.8000010997057 62.0 
78.85000110045075 64.0 
78.90000110119581 76.0 
78.95000110194087 78.0 
79.00000110268593 80.0 
79.05000110343099 74.0 
79.10000110417604 73.0 
79.1500011049211 71.0 
79.20000110566616 74.0 
79.25000110641122 73.0 
79.30000110715628 74.0 
79.35000110790133 74.0 
79.40000110864639 70.0 
79.45000110939145 71.0 
79.50000111013651 70.0 
79.55000111088157 83.0 
79.60000111162663 75.0 
79.65000111237168 81.0 
79.70000111311674 67.0 
79.7500011138618 56.0 
79.80000111460686 77.0 
79.85000111535192 82.0 
79.90000111609697 85.0 
79.95000111684203 68.0 
80.00000111758709 78.0 
80.05000111833215 76.0 
80.1000011190772 77.0 
80.15000111982226 70.0 
80.20000112056732 81.0 
80.25000112131238 70.0 
80.30000112205744 60.0 
80.3500011228025 68.0 
80.40000112354755 70.0 
80.45000112429261 76.0 
80.50000112503767 68.0 
80.55000112578273 58.0 
80.60000112652779 67.0 
80.65000112727284 74.0 
80.7000011280179 78.0 
80.75000112876296 67.0 
80.80000112950802 68.0 
80.85000113025308 86.0 
80.90000113099813 77.0 
80.95000113174319 74.0 
81.00000113248825 65.0 
81.05000113323331 70.0 
81.10000113397837 75.0 
81.15000113472342 61.0 
81.20000113546848 77.0 
81.25000113621354 84.0 
81.3000011369586 81.0 
81.35000113770366 84.0 
81.40000113844872 79.0 
81.45000113919377 71.0 
81.50000113993883 79.0 
81.55000114068389 92.0 
81.60000114142895 95.0 
81.650001142174 69.0 
81.70000114291906 74.0 
81.75000114366412 68.0 
81.80000114440918 65.0 
81.85000114515424 83.0 
81.9000011458993 70.0 
81.95000114664435 67.0 
82.00000114738941 71.0 
82.05000114813447 77.0 
82.10000114887953 79.0 
82.15000114962459 77.0 
82.20000115036964 75.0 
82.2500011511147 82.0 
82.30000115185976 81.0 
82.35000115260482 68.0 
82.40000115334988 62.0 
82.45000115409493 71.0 
82.50000115483999 84.0 
82.55000115558505 61.0 
82.60000115633011 82.0 
82.65000115707517 79.0 
82.70000115782022 61.0 
82.75000115856528 64.0 
82.80000115931034 81.0 
82.8500011600554 77.0 
82.90000116080046 91.0 
82.95000116154552 67.0 
83.00000116229057 51.0 
83.05000116303563 84.0 
83.10000116378069 83.0 
83.15000116452575 71.0 
83.2000011652708 75.0 
83.25000116601586 89.0 
83.30000116676092 85.0 
83.35000116750598 66.0 
83.40000116825104 70.0 
83.4500011689961 83.0 
83.50000116974115 64.0 
83.55000117048621 88.0 
83.60000117123127 73.0 
83.65000117197633 96.0 
83.70000117272139 70.0 
83.75000117346644 61.0 
83.8000011742115 83.0 
83.85000117495656 74.0 
83.90000117570162 84.0 
83.95000117644668 65.0 
84.00000117719173 64.0 
84.05000117793679 61.0 
84.10000117868185 73.0 
84.15000117942691 68.0 
84.20000118017197 70.0 
84.25000118091702 69.0 
84.30000118166208 63.0 
84.35000118240714 78.0 
84.4000011831522 80.0 
84.45000118389726 67.0 
84.50000118464231 74.0 
84.55000118538737 76.0 
84.60000118613243 70.0 
84.65000118687749 71.0 
84.70000118762255 67.0 
84.7500011883676 78.0 
84.80000118911266 73.0 
